# Created by Octave 4.0.3, Sat Aug 12 21:42:58 2017 CEST <timo@timo-Lenovo-ideapad-100-14IBY>
# name: zeta
# type: matrix
# rows: 36
# columns: 3
 1 8.381645461332852e-30 0
 2 2.000000000000005 1.000000000000002
 3 5.133635556523972e-31 0
 4 1.592510804580684e-30 0
 5 2 1
 6 1.999999999999999 0.9999999999999998
 7 1.004869027905653 0.6202093678887235
 8 0.7049400607086153 0.4772103461940091
 9 1.67419618306601 0.8871539867895022
 10 0.6159947283197205 0.4305883774901341
 11 1.856474730858345e-31 0
 12 7.771482309875117e-30 0
 13 6.000000000000002 2
 14 2 0.9999999999999998
 15 2.438534430629191e-28 0
 16 1.99393476154615 0.9979768895233834
 17 0.8941961912093512 0.5696710668281868
 18 1.149324266048855 0.6829303724433045
 19 1.10262061425351 0.6630221899230941
 20 1.721149134518799 0.903976187304756
 21 1.138775032423332 0.6784629957802375
 22 6.297312700712138e-31 0
 23 2.725208467664893e-30 0
 24 6.300898390823486e-31 0
 25 2 0.9999999999999998
 26 2.000000000000001 1
 27 1.218667965872435 0.7118861191846515
 28 1.984624856711874 0.9948661668229282
 29 0.7906761592128871 0.5201353631812238
 30 0.006031018202799603 0.005995077251547576
 31 2.816369377633839e-30 0
 32 3.958543456524309e-31 0
 33 2.000000000000004 1.000000000000001
 34 1.596312674693035e-29 0
 35 8.696296604697462e-31 0
 36 1.863606820617973e-31 0


