# Created by Octave 4.0.3, Wed Aug 02 22:17:31 2017 CEST <timo@timo-Lenovo-ideapad-100-14IBY>
# name: spin
# type: matrix
# rows: 10
# columns: 7
 0.5 0 1 0 0 1 0.9999999999999991
 1 0 1.000000000000002 0 0 1 0.9999999999999998
 1.5 0 0.9999999999999993 0 0 1.000000000000001 1.000000000000001
 2 0 1 0 0 0.9999999999999998 0.9999999999999993
 2.5 0 1 0 1 1 0
 3 0 1.000000000000002 0 0.9999999999999998 1 0
 3.5 0 0.9999999999999998 0 1 0.9999999999999993 2.000000000000002
 4 0 1.000000000000001 0 0.9999999999999998 0.9999999999999998 2.000000000000003
 4.5 0 1.000000000000001 0 1 0.9999999999999991 2
 5 0 0.9999999999999993 0 0.9999999999999998 1.000000000000001 2


