# Created by Octave 4.0.3, Wed Jul 05 17:39:59 2017 CEST <timo@timo-Lenovo-ideapad-100-14IBY>
# name: M
# type: matrix
# rows: 36
# columns: 4
 2 2 0 0
 2 1 1 0
 2 1 0 1
 1 2 1 0
 1 2 0 1
 1 1 1 1
 2 1 1 0
 2 0 2 0
 2 0 1 1
 1 1 2 0
 1 1 1 1
 1 0 2 1
 2 1 0 1
 2 0 1 1
 2 0 0 2
 1 1 1 1
 1 1 0 2
 1 0 1 2
 1 2 1 0
 1 1 2 0
 1 1 1 1
 0 2 2 0
 0 2 1 1
 0 1 2 1
 1 2 0 1
 1 1 1 1
 1 1 0 2
 0 2 1 1
 0 2 0 2
 0 1 1 2
 1 1 1 1
 1 0 2 1
 1 0 1 2
 0 1 2 1
 0 1 1 2
 0 0 2 2


