# Created by Octave 4.0.3, Wed Aug 02 20:00:47 2017 CEST <timo@timo-Lenovo-ideapad-100-14IBY>
# name: Z
# type: matrix
# rows: 2
# columns: 16
 1 1 1 1 2 2 2 2 3 3 3 3 4 4 4 4
 1 2 3 4 1 2 3 4 1 2 3 4 1 2 3 4


