# Created by Octave 4.0.3, Mon Aug 07 13:46:13 2017 CEST <timo@timo-Lenovo-ideapad-100-14IBY>
# name: gzv
# type: matrix
# rows: 24
# columns: 1
 -4.213258270336645e-17
 2.276959183238923e-16
 2.40169165116358e-16
 0.2886751345963025
 0.2886751345957198
 0.2886751345952641
 1.152234271945691e-16
 -0.2886751345938112
 -0.2886751345936274
 1.548036593740241e-16
 1.817666560465191e-16
 0.2886751345944985
 0.2886751345943751
 3.481679048242172e-16
 -0.2886751345934619
 2.548005975356735e-16
 -0.288675134593835
 7.710554382270497e-17
 0.2886751345949731
 0.2886751345958067
 2.700130238900396e-16
 0.2886751345960779
 2.613227069969773e-16
 -5.419846350279663e-17


