# Created by Octave 4.0.3, Mon Aug 07 13:46:30 2017 CEST <timo@timo-Lenovo-ideapad-100-14IBY>
# name: Z
# type: matrix
# rows: 3
# columns: 24
 1 1 1 1 1 1 2 2 2 2 2 2 3 3 3 3 3 3 4 4 4 4 4 4
 1 1 1 2 2 3 1 1 1 2 2 3 1 1 1 2 2 3 1 1 1 2 2 3
 2 3 4 3 4 4 2 3 4 3 4 4 2 3 4 3 4 4 2 3 4 3 4 4


