# Created by Octave 4.0.3, Thu Jun 29 19:59:41 2017 CEST <timo@timo-Lenovo-ideapad-100-14IBY>
# name: gzv
# type: matrix
# rows: 24
# columns: 1
 -0.02212213723447163
 -0.06718495490780832
 0.06893104619566295
 0.379912691287833
 -0.3496395516107264
 0.1219259123085196
 -0.001873321136419985
 0.2579867789793138
 -0.3599643401329192
 -0.06531163377138843
 0.09105318343013452
 0.01032478852219212
 -0.1219259123085197
 -0.0671849549078085
 0.379912691287834
 0.06893104619566302
 -0.3496395516107268
 0.02212213723447168
 -0.01032478852219239
 0.2579867789793138
 -0.06531163377138877
 -0.359964340132919
 0.09105318343013449
 0.001873321136419945


