# Created by Octave 4.0.3, Thu Jun 29 19:50:51 2017 CEST <timo@timo-Lenovo-ideapad-100-14IBY>
# name: gzeig
# type: matrix
# rows: 1000
# columns: 2
 1 -3.292951380696183
 2 -2.68584616555434
 3 -2.191482503428725
 4 -1.806423851823106
 5 -1.513602504378927
 6 -1.291502622129181
 7 -1.121078220293853
 8 -0.9879184148698691
 9 -0.8818106518440542
 10 -0.795654486872533
 11 -0.7244956972195581
 12 -0.6648295755245415
 13 -0.6141323664524149
 14 -0.5705523760560363
 15 -0.5327060269555959
 16 -0.4995416790582969
 17 -0.4702472814837758
 18 -0.4441866761380123
 19 -0.4208549052579624
 20 -0.3998463288202846
 21 -0.3808315196468527
 22 -0.3635402707481096
 23 -0.3477489249141644
 24 -0.3332708056541802
 25 -0.31994890415538
 26 -0.3076502285378043
 27 -0.2962613927137132
 28 -0.2856851400571014
 29 -0.2758375794497839
 30 -0.2666459695338959
 31 -0.2580469287143091
 32 -0.249984978655679
 33 -0.2424113511183674
 34 -0.2352830043137514
 35 -0.2285618071455707
 36 -0.2222138588815307
 37 -0.2162089187648282
 38 -0.2105199254061337
 39 -0.2051225899088097
 40 -0.1999950498713001
 41 -0.1951175739084363
 42 -0.1904723082966627
 43 -0.1860430589056223
 44 -0.1818151028151526
 45 -0.1777750250118096
 46 -0.1739105763551016
 47 -0.1702105496528549
 48 -0.1666646712081672
 49 -0.1632635056323587
 50 -0.1599983720686624
 51 -0.156861270262872
 52 -0.1538448151570818
 53 -0.1509421788821398
 54 -0.1481470391904514
 55 -0.1454535335106757
 56 -0.1428562179220635
 57 -0.140350030444606
 58 -0.1379302581248818
 59 -0.1355925074671628
 60 -0.1333326778201965
 61 -0.1311469373806235
 62 -0.1290317015173544
 63 -0.1269836131597629
 64 -0.1249995250236274
 65 -0.1230764834776541
 66 -0.1212117138753306
 67 -0.119402607200924
 68 -0.1176467078928005
 69 -0.1159417027255628
 70 -0.114285410644651
 71 -0.1126757734603574
 72 -0.1111108473163985
 73 -0.1095887948603323
 74 -0.1081078780479044
 75 -0.1066664515235695
 76 -0.1052629565231237
 77 -0.1038959152518774
 78 -0.1025639256941406
 79 -0.1012656568183379
 80 -0.09999984414038779
 81 -0.09876528561648983
 82 -0.09756083783595014
 83 -0.09638541248946897
 84 -0.09523797308957516
 85 -0.09411753192232006
 86 -0.09302314721200834
 87 -0.09195392048109649
 88 -0.09090899409048865
 89 -0.08988754894502146
 90 -0.08888880235244449
 91 -0.08791200602351507
 92 -0.08695644420203935
 93 -0.08602143191628411
 94 -0.08510631334110678
 95 -0.08421046026449146
 96 -0.08333327064893176
 97 -0.08247416728280781
 98 -0.08163259651337228
 99 -0.08080802705735719
 100 -0.07999994888190391
 101 -0.07920787215343987
 102 -0.07843132624690012
 103 -0.07766985881363209
 104 -0.07692303490261315
 105 -0.07619043613214269
 106 -0.07547165990804951
 107 -0.07476631868631783
 108 -0.07407403927596273
 109 -0.07339446218112582
 110 -0.07272724097806363
 111 -0.07207204172682644
 112 -0.07142854241329799
 113 -0.07079643242247848
 114 -0.07017541203749504
 115 -0.06956519196663763
 116 -0.06896549289334447
 117 -0.06837604505051589
 118 -0.06779658781524145
 119 -0.06722686932520364
 120 -0.06666664611342198
 121 -0.06611568276109964
 122 -0.06557375156817916
 123 -0.06504063223945435
 124 -0.06451611158566901
 125 -0.06399998323993589
 126 -0.06349204738637294
 127 -0.06299211050242136
 128 -0.06249998511339222
 129 -0.062015489557318
 130 -0.06153844776187831
 131 -0.06106868903112667
 132 -0.06060604784162309
 133 -0.0601503636479761
 134 -0.05970148069714304
 135 -0.05925924785099822
 136 -0.05882351841670339
 137 -0.0583941499840715
 138 -0.05797100427140797
 139 -0.05755394697541127
 140 -0.0571428476308332
 141 -0.05673757947289181
 142 -0.05633801930802131
 143 -0.05594404738848001
 144 -0.05555554729283714
 145 -0.05517240581127401
 146 -0.05479451283569543
 147 -0.05442176125397696
 148 -0.05405404684895664
 149 -0.0536912682010544
 150 -0.05333332659584625
 151 -0.05298012593281465
 152 -0.05263157264144736
 153 -0.05228757559673099
 154 -0.05194804604097072
 155 -0.05161289750676569
 156 -0.05128204574389158
 157 -0.05095540864874888
 158 -0.05063290619594414
 159 -0.05031446037386162
 160 -0.0499999951201828
 161 -0.04968943626377293
 162 -0.04938271146343111
 163 -0.04907975015421363
 164 -0.04878048349173388
 165 -0.0484848443008014
 166 -0.04819276702487914
 167 -0.04790418767723452
 168 -0.04761904379541226
 169 -0.04733727439463969
 170 -0.04705881992536253
 171 -0.04678362223108207
 172 -0.04651162450762976
 173 -0.04624277126431595
 174 -0.04597700828571691
 175 -0.04571428259643339
 176 -0.04545454242428053
 177 -0.04519773716739045
 178 -0.04494381736077599
 179 -0.04469273464534726
 180 -0.04444444173621803
 181 -0.04419889239340057
 182 -0.04395604139330694
 183 -0.04371584450102786
 184 -0.04347825844317455
 185 -0.04324324088170702
 186 -0.04301075038933783
 187 -0.04278074642500314
 188 -0.04255318931015449
 189 -0.04232804020593997
 190 -0.04210526109097421
 191 -0.04188481474064025
 192 -0.04166666470529458
 193 -0.04145077529095245
 194 -0.04123711153964454
 195 -0.04102563921056585
 196 -0.04081632476128218
 197 -0.04060913533094562
 198 -0.04040403872211069
 199 -0.0402010033852283
 200 -0.03999999840057211
 201 -0.03980099346465458
 202 -0.03960395887428316
 203 -0.03940886551043402
 204 -0.03921568482599411
 205 -0.03902438883029839
 206 -0.0388349500766709
 207 -0.03864734164849044
 208 -0.03846153714695247
 209 -0.03827751067830755
 210 -0.03809523684209008
 211 -0.03791469071937383
 212 -0.03773584786139341
 213 -0.03755868427859277
 214 -0.03738317642965032
 215 -0.03720930121149922
 216 -0.03703703594842832
 217 -0.03686635838331605
 218 -0.03669724666692386
 219 -0.03652967934922207
 220 -0.03636363537046077
 221 -0.03619909405167061
 222 -0.03603603508679379
 223 -0.0358744385338023
 224 -0.03571428480669603
 225 -0.03555555466799536
 226 -0.03539822922029729
 227 -0.03524228989964091
 228 -0.03508771846752479
 229 -0.03493449700386482
 230 -0.03478260790027528
 231 -0.03463203385377561
 232 -0.03448275785917158
 233 -0.03433476320316209
 234 -0.03418803345863078
 235 -0.03404255247725148
 236 -0.03389830438551447
 237 -0.03375527357703403
 238 -0.03361344470793712
 239 -0.03347280269097688
 240 -0.03333333269047584
 241 -0.03319502011725487
 242 -0.03305785062297104
 243 -0.03292181009546325
 244 -0.03278688465406975
 245 -0.03265306064465808
 246 -0.03252032463513662
 247 -0.03238866341087854
 248 -0.03225806397044933
 249 -0.03212851352140143
 250 -0.0319999994757206
 251 -0.03187250944640926
 252 -0.03174603124222915
 253 -0.03162055286571197
 254 -0.03149606250793916
 255 -0.03137254854490083
 256 -0.03124999953443484
 257 -0.03112840421260923
 258 -0.03100775149009405
 259 -0.0308880304488123
 260 -0.03076923033838505
 261 -0.0306513405736511
 262 -0.03053435073042498
 263 -0.03041825054375151
 264 -0.03030302990383963
 265 -0.03018867885354003
 266 -0.0300751875854407
 267 -0.02996254643930887
 268 -0.02985074589828637
 269 -0.02973977658835714
 270 -0.02962962927292189
 271 -0.02952029485275297
 272 -0.02941176436208392
 273 -0.02930402896632329
 274 -0.02919707996055901
 275 -0.02909090876547084
 276 -0.02898550692681261
 277 -0.02888086611215465
 278 -0.02877697810897084
 279 -0.02867383482259817
 280 -0.02857142827401914
 281 -0.02846975059750671
 282 -0.0283687940391823
 283 -0.02826855095473493
 284 -0.02816901380718433
 285 -0.02807017516645062
 286 -0.02797202770448117
 287 -0.0278745641971515
 288 -0.02777777751935252
 289 -0.0276816606457918
 290 -0.02758620664696892
 291 -0.027491408689307
 292 -0.02739726003285025
 293 -0.02730375402915101
 294 -0.02721088412057612
 295 -0.02711864383864041
 296 -0.02702702680174847
 297 -0.02693602671445801
 298 -0.02684563736605853
 299 -0.02675585262864309
 300 -0.02666666645597472
 301 -0.02657807288243434
 302 -0.02649006602150161
 303 -0.02640264006364152
 304 -0.02631578927653852
 305 -0.02622950800288484
 306 -0.02614379065875935
 307 -0.02605863173399424
 308 -0.0259740257894615
 309 -0.02588996745576892
 310 -0.02580645143405372
