# Created by Octave 4.0.3, Thu Jun 29 19:50:51 2017 CEST <timo@timo-Lenovo-ideapad-100-14IBY>
# name: gzv
# type: matrix
# rows: 16
# columns: 1
 -0.09550073339164726
 0.03538487953936445
 -0.09550073339164558
 0.4801115809302114
 0.03538487953936454
 -0.09550073339164424
 0.4801115809301967
 -0.09550073339164555
 -0.09550073339164578
 0.4801115809301979
 -0.09550073339164421
 0.03538487953936427
 0.4801115809302121
 -0.09550073339164598
 0.03538487953936439
 -0.09550073339164702


