# Created by Octave 4.0.3, Wed Aug 02 20:00:47 2017 CEST <timo@timo-Lenovo-ideapad-100-14IBY>
# name: gzv
# type: matrix
# rows: 16
# columns: 1
 0.4076123723973413
 0.1840801779491898
 0.1268113955486678
 0.1840801779491898
 0.1840801779491898
 0.4076123723973407
 0.1840801779491898
 0.1268113955486677
 0.1268113955486678
 0.1840801779491898
 0.407612372397341
 0.1840801779491898
 0.1840801779491899
 0.1268113955486679
 0.1840801779491897
 0.4076123723973406


