# Created by Octave 4.0.3, Wed Aug 02 20:00:48 2017 CEST <timo@timo-Lenovo-ideapad-100-14IBY>
# name: gzeig
# type: matrix
# rows: 2000
# columns: 2
 1 -3.292951380696183
 1.009504752376188 -3.286679891230396
 1.019009504752376 -3.280417516070981
 1.028514257128564 -3.27416427224695
 1.038019009504752 -3.267920176711272
 1.047523761880941 -3.261685246339955
 1.057028514257129 -3.25545949793108
 1.066533266633317 -3.249242948203877
 1.076038019009505 -3.243035613797766
 1.085542771385693 -3.236837511271428
 1.095047523761881 -3.230648657101859
 1.104552276138069 -3.224469067683435
 1.114057028514257 -3.218298759326972
 1.123561780890445 -3.212137748258789
 1.133066533266633 -3.20598605061977
 1.142571285642821 -3.199843682464435
 1.15207603801901 -3.19371065976001
 1.161580790395198 -3.187586998385484
 1.171085542771386 -3.181472714130697
 1.180590295147574 -3.175367822695394
 1.190095047523762 -3.169272339688323
 1.19959979989995 -3.163186280626293
 1.209104552276138 -3.157109660933267
 1.218609304652326 -3.15104249593943
 1.228114057028514 -3.144984800880289
 1.237618809404702 -3.138936590895754
 1.24712356178089 -3.132897881029227
 1.256628314157079 -3.126868686226694
 1.266133066533267 -3.120849021335821
 1.275637818909455 -3.114838901105067
 1.285142571285643 -3.108838340182761
 1.294647323661831 -3.102847353116229
 1.304152076038019 -3.096865954350899
 1.313656828414207 -3.090894158229404
 1.323161580790395 -3.084931978990713
 1.332666333166583 -3.078979430769241
 1.342171085542772 -3.073036527593977
 1.35167583791896 -3.067103283387618
 1.361180590295147 -3.061179711965689
 1.370685342671336 -3.055265827035696
 1.380190095047524 -3.049361642196262
 1.389694847423712 -3.04346717093626
 1.3991995997999 -3.037582426633988
 1.408704352176088 -3.031707422556303
 1.418209104552276 -3.025842171857806
 1.427713856928464 -3.01998668757998
 1.437218609304652 -3.014140982650376
 1.44672336168084 -3.008305069881794
 1.456228114057029 -3.002478961971462
 1.465732866433217 -2.996662671500212
 1.475237618809405 -2.990856210931687
 1.484742371185593 -2.985059592611535
 1.494247123561781 -2.979272828766612
 1.503751875937969 -2.973495931504201
 1.513256628314157 -2.967728912811219
 1.522761380690345 -2.96197178455344
 1.532266133066533 -2.956224558474734
 1.541770885442721 -2.9504872461963
 1.55127563781891 -2.944759859215903
 1.560780390195098 -2.939042408907134
 1.570285142571286 -2.933334906518654
 1.579789894947474 -2.927637363173469
 1.589294647323662 -2.921949789868191
 1.59879939969985 -2.916272197472323
 1.608304152076038 -2.910604596727544
 1.617808904452226 -2.904946998246988
 1.627313656828414 -2.899299412514563
 1.636818409204602 -2.89366184988425
 1.64632316158079 -2.888034320579417
 1.655827913956978 -2.88241683469214
 1.665332666333167 -2.876809402182536
 1.674837418709355 -2.871212032878117
 1.684342171085543 -2.865624736473106
 1.693846923461731 -2.860047522527818
 1.703351675837919 -2.85448040046802
 1.712856428214107 -2.848923379584289
 1.722361180590295 -2.843376469031422
 1.731865932966483 -2.837839677827779
 1.741370685342671 -2.832313014854742
 1.75087543771886 -2.826796488856055
 1.760380190095048 -2.821290108437307
 1.769884942471236 -2.815793882065301
 1.779389694847424 -2.810307818067526
 1.788894447223612 -2.804831924631579
 1.7983991995998 -2.79936620980463
 1.807903951975988 -2.793910681492876
 1.817408704352176 -2.788465347461018
 1.826913456728364 -2.783030215331745
 1.836418209104552 -2.777605292585215
 1.84592296148074 -2.772190586558566
 1.855427713856928 -2.766786104445417
 1.864932466233117 -2.761391853295395
 1.874437218609305 -2.756007840013673
 1.883941970985493 -2.750634071360494
 1.893446723361681 -2.74527055395072
 1.902951475737869 -2.739917294253422
 1.912456228114057 -2.734574298591419
 1.921960980490245 -2.729241573140874
 1.931465732866433 -2.723919123930882
 1.940970485242621 -2.71860695684308
 1.950475237618809 -2.713305077611247
 1.959979989994998 -2.70801349182094
 1.969484742371186 -2.70273220490912
 1.978989494747374 -2.6974612221638
 1.988494247123562 -2.692200548723703
 1.99799899949975 -2.686950189577924
 2.007503751875938 -2.681710149565613
 2.017008504252126 -2.676480433375654
 2.026513256628314 -2.671261045546379
 2.036018009004502 -2.66605199046526
 2.04552276138069 -2.660853272368652
 2.055027513756879 -2.655664895341507
 2.064532266133067 -2.65048686331713
 2.074037018509255 -2.64531918007693
 2.083541770885443 -2.64016184925018
 2.093046523261631 -2.635014874313809
 2.102551275637819 -2.629878258592182
 2.112056028014007 -2.624752005256898
 2.121560780390195 -2.619636117326607
 2.131065532766383 -2.614530597666838
 2.140570285142571 -2.609435448989817
 2.150075037518759 -2.604350673854336
 2.159579789894948 -2.599276274665594
 2.169084542271135 -2.594212253675063
 2.178589294647324 -2.589158612980397
 2.188094047023512 -2.584115354525287
 2.1975987993997 -2.579082480099386
 2.207103551775888 -2.574059991338232
 2.216608304152076 -2.569047889723154
 2.226113056528265 -2.564046176581224
 2.235617808904452 -2.559054853085212
 2.24512256128064 -2.554073920253531
 2.254627313656829 -2.54910337895023
 2.264132066033016 -2.544143229884965
 2.273636818409205 -2.539193473613001
 2.283141570785393 -2.534254110535227
 2.292646323161581 -2.529325140898171
 2.302151075537769 -2.524406564794022
 2.311655827913957 -2.519498382160692
 2.321160580290145 -2.51460059278186
 2.330665332666333 -2.509713196287037
 2.340170085042521 -2.504836192151656
 2.34967483741871 -2.499969579697146
 2.359179589794898 -2.495113358091045
 2.368684342171086 -2.490267526347112
 2.378189094547274 -2.485432083325442
 2.387693846923462 -2.480607027732614
 2.39719859929965 -2.475792358121829
 2.406703351675838 -2.470988072893074
 2.416208104052026 -2.46619417029329
 2.425712856428214 -2.461410648416555
 2.435217608804402 -2.456637505204271
 2.44472236118059 -2.451874738445374
 2.454227113556779 -2.44712234577655
 2.463731865932966 -2.442380324682454
 2.473236618309155 -2.437648672495957
 2.482741370685343 -2.432927386398382
 2.492246123061531 -2.428216463419781
 2.501750875437719 -2.423515900439186
 2.511255627813907 -2.418825694184906
 2.520760380190095 -2.414145841234811
 2.530265132566283 -2.409476338016642
 2.539769884942471 -2.404817180808313
 2.54927463731866 -2.400168365738253
 2.558779389694847 -2.395529888785722
 2.568284142071036 -2.39090174578118
 2.577788894447224 -2.386283932406615
 2.587293646823412 -2.381676444195943
 2.5967983991996 -2.377079276535353
 2.606303151575788 -2.372492424663719
 2.615807903951976 -2.367915883672989
 2.625312656328164 -2.363349648508589
 2.634817408704352 -2.358793713969849
 2.64432216108054 -2.354248074710431
 2.653826913456728 -2.349712725238758
 2.663331665832916 -2.345187659918479
 2.672836418209105 -2.340672872968906
 2.682341170585293 -2.336168358465506
 2.691845922961481 -2.331674110340352
 2.701350675337669 -2.32719012238264
 2.710855427713857 -2.322716388239157
 2.720360180090045 -2.318252901414808
 2.729864932466233 -2.313799655273118
 2.739369684842421 -2.309356643036768
 2.74887443721861 -2.304923857788116
 2.758379189594797 -2.300501292469753
 2.767883941970986 -2.296088939885044
 2.777388694347174 -2.291686792698696
 2.786893446723361 -2.287294843437322
 2.79639819909955 -2.282913084490024
 2.805902951475738 -2.278541508108978
 2.815407703851926 -2.274180106410024
 2.824912456228114 -2.269828871373278
 2.834417208604302 -2.26548779484374
 2.843921960980491 -2.261156868531907
 2.853426713356678 -2.256836084014419
 2.862931465732867 -2.252525432734675
 2.872436218109055 -2.248224906003489
 2.881940970485243 -2.243934494999738
 2.891445722861431 -2.239654190771019
 2.900950475237619 -2.235383984234323
 2.910455227613807 -2.2311238661767
 2.919959979989995 -2.226873827255949
 2.929464732366183 -2.222633858001305
 2.938969484742371 -2.218403948814125
 2.948474237118559 -2.214184089968606
 2.957978989494747 -2.209974271612487
 2.967483741870936 -2.205774483767764
