# Created by Octave 4.0.3, Fri Jun 30 10:01:27 2017 CEST <timo@timo-Lenovo-ideapad-100-14IBY>
# name: EW
# type: matrix
# rows: 900
# columns: 2
 100 -0.1198802489462656
 100.8898776418243 -0.1188249511495752
 101.7797552836485 -0.1177880529391029
 102.6696329254727 -0.1167690777173878
 103.559510567297 -0.1157675651910814
 104.4493882091213 -0.1147830706805046
 105.3392658509455 -0.1138151644635101
 106.2291434927697 -0.1128634311520074
 107.119021134594 -0.1119274691003601
 108.0088987764182 -0.1110068898421502
 108.8987764182425 -0.1101013175538283
 109.7886540600667 -0.1092103885461856
 110.678531701891 -0.1083337507774535
 111.5684093437152 -0.1074710633922838
 112.4582869855395 -0.1066219962804631
 113.3481646273637 -0.1057862296576806
 114.238042269188 -0.1049634536654459
 115.1279199110122 -0.1041533679878359
 116.0177975528365 -0.103355681489299
 116.9076751946607 -0.1025701118653561
 117.797552836485 -0.1017963853102925
 118.6874304783092 -0.1010342362016308
 119.5773081201335 -0.1002834067942468
 120.4671857619577 -0.0995436469337132
 121.357063403782 -0.0988147137771791
 122.2469410456062 -0.09809637152829587
 123.1368186874305 -0.09738839118464221
 124.0266963292547 -0.09669055029450388
 124.916573971079 -0.09600263272379421
 125.8064516129032 -0.09532442843497335
 126.6963292547275 -0.09465573327228458
 127.5862068965517 -0.09399634875771284
 128.476084538376 -0.09334608189633764
 129.3659621802002 -0.09270474498661396
 130.2558398220245 -0.0920721554414607
 131.1457174638487 -0.09144813561447081
 132.035595105673 -0.09083251263525211
 132.9254727474972 -0.09022511824856712
 133.8153503893215 -0.08962578866225698
 134.7052280311457 -0.08903436440107618
 135.59510567297 -0.0884506901636231
 136.4849833147942 -0.08787461468822483
 137.3748609566185 -0.087305990621799
 138.2647385984427 -0.08674467439526268
 139.154616240267 -0.08619052610128236
 140.0444938820912 -0.08564340938085158
 140.9343715239154 -0.08510319130944143
 141.8242491657397 -0.08456974229004899
 142.714126807564 -0.08404293594981596
 143.6040044493882 -0.0835226490414445
 144.4938820912125 -0.08300876134559676
 145.3837597330367 -0.08250115558016469
 146.273637374861 -0.08199971730997689
 147.1635150166852 -0.08150433486050636
 148.0533926585094 -0.08101489923685073
 148.9432703003337 -0.08053130404238787
 149.833147942158 -0.08005344540313819
 150.7230255839822 -0.07958122189244654
 151.6129032258065 -0.07911453445955066
 152.5027808676307 -0.07865328636018665
 153.3926585094549 -0.07819738309127235
 154.2825361512792 -0.07774673232482271
 155.1724137931034 -0.07730124384564648
 156.0622914349277 -0.07686082949336852
 156.9521690767519 -0.07642540310207675
 157.8420467185762 -0.07599488044499617
 158.7319243604005 -0.07556917918028043
 159.6218020022247 -0.0751482187993166
 160.5116796440489 -0.07473192057441155
 161.4015572858732 -0.07432020751175931
 162.2914349276974 -0.07391300430224861
 163.1813125695217 -0.07351023727595148
 164.0711902113459 -0.07311183436033099
 164.9610678531702 -0.07271772503228573
 165.8509454949944 -0.07232784028138908
 166.7408231368187 -0.0719421125677288
 167.6307007786429 -0.07156047578156975
 168.5205784204672 -0.0711828652089823
 169.4104560622914 -0.07080921749127142
 170.3003337041157 -0.07043947059425631
 171.1902113459399 -0.07007356376876991
 172.0800889877642 -0.06971143752203567
 172.9699666295884 -0.06935303358250254
 173.8598442714127 -0.06899829486951758
 174.7497219132369 -0.06864716546450531
 175.6395995550612 -0.06829959057864117
 176.5294771968854 -0.06795551652744772
 177.4193548387097 -0.06761489070064851
 178.3092324805339 -0.06727766153712555
 179.1991101223582 -0.06694377849835655
 180.0889877641824 -0.06661319204279381
 180.9788654060067 -0.06628585360214002
 181.8687430478309 -0.0659617155577267
 182.7586206896552 -0.06564073121542513
 183.6484983314794 -0.06532285478612401
 184.5383759733037 -0.06500804136199301
 185.4282536151279 -0.06469624689692355
 186.3181312569522 -0.06438742818298451
 187.2080088987764 -0.06408154283517449
 188.0978865406007 -0.06377854926739467
 188.9877641824249 -0.0634784066768055
 189.8776418242492 -0.06318107502465721
 190.7675194660734 -0.06288651501697075
 191.6573971078977 -0.06259468808890843
 192.5472747497219 -0.06230555638904751
 193.4371523915462 -0.06201908275994329
 194.3270300333704 -0.0617352307239347
 195.2169076751946 -0.06145396446834362
 196.1067853170189 -0.0611752488297268
 196.9966629588432 -0.06089904927822978
 197.8865406006674 -0.06062533190546689
 198.7764182424916 -0.06035406340818895
 199.6662958843159 -0.06008521107695982
 200.5561735261402 -0.05981874278260402
 201.4460511679644 -0.05955462696199046
 202.3359288097886 -0.05929283260660894
 203.2258064516129 -0.0590333292510651
 204.1156840934372 -0.05877608696022382
 205.0055617352614 -0.05852107631861255
 205.8954393770856 -0.05826826841686324
 206.7853170189099 -0.05801763484511908
 207.6751946607341 -0.05776914767850201
 208.5650723025584 -0.05752277946844089
 209.4549499443826 -0.05727850323232305
 210.3448275862069 -0.05703629244344408
 211.2347052280311 -0.05679612102136644
 212.1245828698554 -0.05655796332373811
 213.0144605116796 -0.05632179413565003
 213.9043381535039 -0.05608758866094573
 214.7942157953281 -0.0558553225145017
 215.6840934371524 -0.05562497171327098
 216.5739710789766 -0.05539651266710167
 217.4638487208009 -0.05516992217282443
 218.3537263626251 -0.05494517740384276
 219.2436040044494 -0.0547222559046561
 220.1334816462736 -0.0545011355820121
 221.0233592880979 -0.05428179469888576
 221.9132369299221 -0.05406421186529261
 222.8031145717464 -0.05384836603321513
 223.6929922135706 -0.05363423648993593
 224.5828698553949 -0.05342180284953217
 225.4727474972191 -0.05321104504900278
 226.3626251390434 -0.05300194333870759
 227.2525027808676 -0.05279447827867394
 228.1423804226919 -0.05258863073338312
 229.0322580645161 -0.05238438186239661
 229.9221357063404 -0.0521817131184923
 230.8120133481646 -0.05198060623831918
 231.7018909899889 -0.05178104324032175
 232.5917686318131 -0.05158300641758411
 233.4816462736374 -0.05138647833199716
 234.3715239154616 -0.05119144181108903
 235.2614015572859 -0.05099787994183147
 236.1512791991101 -0.05080577606503311
 237.0411568409344 -0.05061511377229563
 237.9310344827586 -0.05042587690085666
 238.8209121245829 -0.05023804952734503
 239.7107897664071 -0.05005161596546592
 240.6006674082313 -0.04986656076075662
 241.4905450500556 -0.04968286868636634
 242.3804226918799 -0.0495005247380028
 243.2703003337041 -0.04931951413285866
 244.1601779755284 -0.04913982230034597
 245.0500556173526 -0.04896143488428429
 245.9399332591769 -0.04878433773470379
 246.8298109010011 -0.04860851690519822
 247.7196885428253 -0.04843395865091246
 248.6095661846496 -0.04826064942178893
 249.4994438264739 -0.04808857586276501
 250.3893214682981 -0.0479177248075116
 251.2791991101224 -0.04774808327565778
 252.1690767519466 -0.04757963847067238
 253.0589543937708 -0.04741237777644218
 253.9488320355951 -0.04724628875169843
 254.8387096774193 -0.04708135913086211
 255.7285873192436 -0.04691757681726327
 256.6184649610678 -0.04675492988292017
 257.5083426028921 -0.0465934065643074
 258.3982202447164 -0.04643299525938785
 259.2880978865406 -0.04627368452608419
 260.1779755283649 -0.04611546307866776
 261.0678531701891 -0.04595831978438109
 261.9577308120133 -0.04580224366161867
 262.8476084538376 -0.04564722387908059
 263.7374860956618 -0.04549324974977623
 264.6273637374861 -0.04534031073088383
 265.5172413793103 -0.04518839642062562
 266.4071190211346 -0.04503749655680579
 267.2969966629588 -0.0448876010132091
 268.1868743047831 -0.04473869979767402
 269.0767519466073 -0.04459078305084749
 269.9666295884316 -0.04444384104281306
 270.8565072302558 -0.04429786417116176
 271.7463848720801 -0.04415284295998714
 272.6362625139043 -0.04400876805788492
 273.5261401557286 -0.0438656302308951
 274.4160177975529 -0.04372342036953812
 275.3058954393771 -0.04358212947994065
