# Created by Octave 4.0.3, Fri Jun 30 10:01:29 2017 CEST <timo@timo-Lenovo-ideapad-100-14IBY>
# name: EW
# type: matrix
# rows: 1000
# columns: 2
 1 -3.340847617248347
 2 -2.828427124746188
 3 -2.424428900898052
 4 -2.102748483462075
 5 -1.844288770224749
 6 -1.634603054907395
 7 -1.462698992338862
 8 -1.320234958271925
 9 -1.200892411814259
 10 -1.099877772749735
 11 -1.013536951029875
 12 -0.9390645949298078
 13 -0.8742884468900559
 14 -0.8175107396571709
 15 -0.7673917830577394
 16 -0.7228643223607933
 17 -0.6830702119350954
 18 -0.6473132676955693
 19 -0.6150238877048788
 20 -0.5857322798478871
 21 -0.5590480278892064
 22 -0.5346443610067504
 23 -0.5122459417726225
 24 -0.4916193077497024
 25 -0.4725653308471181
 26 -0.454913223302537
 27 -0.4385157384679368
 28 -0.4232453016192813
 29 -0.4089908699833131
 30 -0.3956553685506886
 31 -0.3831535835873946
 32 -0.3714104223203962
 33 -0.3603594673784846
 34 -0.3499417698952926
 35 -0.3401048369431173
 36 -0.3308017780493839
 37 -0.3219905826098551
 38 -0.3136335055340347
 39 -0.3056965428018136
 40 -0.2981489820471662
 41 -0.2909630160162533
 42 -0.2841134089329441
 43 -0.2775772075584458
 44 -0.2713334901512145
 45 -0.2653631476807814
 46 -0.25964869258481
 47 -0.2541740911279072
 48 -0.2489246160461961
 49 -0.2438867166831287
 50 -0.239047904251856
 51 -0.2343966502149506
 52 -0.2299222960718472
 53 -0.2256149730922914
 54 -0.2214655307449348
 55 -0.2174654727439644
 56 -0.2136068997891484
 57 -0.2098824581968592
 58 -0.206285293729803
 59 -0.2028090100240846
 60 -0.1994476310889629
 61 -0.1961955674224196
 62 -0.1930475853447905
 63 -0.1899987791984257
 64 -0.187044546107558
 65 -0.184180563027962
 66 -0.1814027658487665
 67 -0.1787073303341027
 68 -0.17609065472114
 69 -0.1735493438072193
 70 -0.1710801943826307
 71 -0.168680181873809
 72 -0.1663464480866568
 73 -0.1640762899422122
 74 -0.1618671491133459
 75 -0.1597166024814315
 76 -0.1576223533351117
 77 -0.1555822232470768
 78 -0.1535941445691835
 79 -0.1516561534897861
 80 -0.1497663836065972
 81 -0.1479230599697937
 82 -0.1461244935573328
 83 -0.1443690761437558
 84 -0.1426552755338975
 85 -0.1409816311274028
 86 -0.139346749792157
 87 -0.1377493020169411
 88 -0.1361880183263717
 89 -0.1346616859331249
 90 -0.1331691456137903
 91 -0.1317092887863734
 92 -0.1302810547792276
 93 -0.1288834282722535
 94 -0.1275154369018147
 95 -0.1261761490159882
 96 -0.1248646715672734
 97 -0.1235801481357409
 98 -0.1223217570729953
 99 -0.1210887097557514
 100 -0.1198802489462656
 101 -0.1186956472463834
 102 -0.1175342056447839
 103 -0.1163952521454408
 104 -0.1152781404777263
 105 -0.1141822488773062
 106 -0.1131069789364005
 107 -0.112051754519196
 108 -0.1110160207341622
 109 -0.1099992429665921
 110 -0.1090009059612816
 111 -0.1080205129526821
 112 -0.1070575848469026
 113 -0.106111659440745
 114 -0.1051822906858035
 115 -0.1042690479884202
 116 -0.1033715155474915
 117 -0.1024892917247456
 118 -0.101621988446559
 119 -0.1007692306377418
 120 -0.09993065568144383
 121 -0.09910591290657678
 122 -0.09829466310044777
 123 -0.09749657804416961
 124 -0.09671134007229087
 125 -0.09593864165168782
 126 -0.09517818498063946
 127 -0.09442968160773844
 128 -0.09369285206786915
 129 -0.0929674255351334
 130 -0.09225313949186068
 131 -0.09154973941156513
 132 -0.09085697846013902
 133 -0.09017461720431359
 134 -0.0895024233381775
 135 -0.08884017142001045
 136 -0.08818764262083963
 137 -0.08754462448354275
 138 -0.08691091069182634
 139 -0.08628630085295051
 140 -0.08567060028286377
 141 -0.0850636198078436
 142 -0.08446517556877979
 143 -0.08387508883727648
 144 -0.08329318583703758
 145 -0.082719297574396
 146 -0.08215325967490437
 147 -0.08159491222541579
 148 -0.08104409962615659
 149 -0.08050067044387912
 150 -0.07996447727502662
 151 -0.07943537661234672
 152 -0.07891322871567363
 153 -0.07839789749211762
 154 -0.07788925037434628
 155 -0.07738715820962991
 156 -0.0768914951507321
 157 -0.07640213854870752
 158 -0.07591896885382934
 159 -0.07544186951947963
 160 -0.07497072690441493
 161 -0.074505430186945
 162 -0.07404587127585732
 163 -0.07359194472721857
 164 -0.07314354766510313
 165 -0.07270057970152191
 166 -0.07226294286456009
 167 -0.07183054152292573
 168 -0.07140328231969802
 169 -0.07098107410327861
 170 -0.07056382786246428
 171 -0.07015145666527384
 172 -0.06974387559739324
 173 -0.06934100170484452
 174 -0.06894275393757787
 175 -0.06854905309529596
 176 -0.06815982177368668
 177 -0.06777498431615077
 178 -0.06739446676253902
 179 -0.06701819680316093
 180 -0.06664610373375786
 181 -0.06627811840769966
 182 -0.06591417319883708
 183 -0.06555420195452792
 184 -0.06519813995902481
 185 -0.06484592389374563
 186 -0.06449749179979093
 187 -0.06415278304151531
 188 -0.06381173827216381
 189 -0.06347429939810109
 190 -0.06314040954817686
 191 -0.06281001303968295
 192 -0.06248305534954157
 193 -0.06215948308127019
 194 -0.06183924393969697
 195 -0.06152228670010975
 196 -0.06120856118199582
 197 -0.06089801822247196
 198 -0.0605906096500037
 199 -0.06028628826133649
 200 -0.05998500779468201
 201 -0.05968672290886801
 202 -0.05939138915851584
 203 -0.05909896297347446
 204 -0.0588094016371951
 205 -0.05852266326437553
 206 -0.05823870678358531
 207 -0.0579574919153223
 208 -0.05767897915403923
 209 -0.05740312974864409
 210 -0.05712990568669354
 211 -0.05685926967417465
 212 -0.05659118512081689
 213 -0.05632561612222578
 214 -0.05606252744482823
 215 -0.05580188451022942
 216 -0.05554365337711372
 217 -0.0552878007331991
 218 -0.0550342938743993
 219 -0.05478310069246739
 220 -0.05453418966408646
 221 -0.05428752983543474
 222 -0.0540430908098649
 223 -0.05380084273519619
 224 -0.05356075629130164
 225 -0.05332280267997591
 226 -0.05308695361190108
 227 -0.05285318129462272
 228 -0.05262145842385885
 229 -0.0523917581717051
 230 -0.05216405417606291
 231 -0.05193832053157252
 232 -0.05171453177800178
 233 -0.05149266289235269
 234 -0.05127268927969712
 235 -0.05105458676236471
 236 -0.05083833157196262
 237 -0.05062390034185717
 238 -0.05041127009734291
 239 -0.05020041824738113
 240 -0.04999132257761431
 241 -0.0497839612421928
 242 -0.04957831275634643
 243 -0.04937435598750355
 244 -0.04917207015047481
 245 -0.04897143479771322
 246 -0.04877242981576616
 247 -0.04857503541469252
 248 -0.04837923212470503
 249 -0.04818500078873839
 250 -0.0479923225547842
 251 -0.04780117887214894
 252 -0.04761155148407097
 253 -0.0474234224215764
 254 -0.04723677399868446
 255 -0.04705158880814631
 256 -0.04686784971178707
 257 -0.04668553984007445
 258 -0.04650464258501977
 259 -0.04632514159199322
 260 -0.0461470207617081
 261 -0.04597026423871644
 262 -0.04579485641049086
 263 -0.04562078190159521
 264 -0.04544802557027817
 265 -0.04527657250100502
 266 -0.04510640800413639
 267 -0.04493751760947554
 268 -0.04476988706325506
 269 -0.04460350232211648
 270 -0.0444383495515514
 271 -0.04427441512099638
 272 -0.0441116856014186
 273 -0.04395014775710478
 274 -0.04378978854876156
 275 -0.04363059512550674
 276 -0.04347255482107217
 277 -0.04331565515537517
 278 -0.04315988382402088
 279 -0.04300522870156024
 280 -0.04285167783456262
 281 -0.04269921943995789
 282 -0.042547841900943
 283 -0.04239753376624879
 284 -0.04224828374492131
 285 -0.04210008070345069
 286 -0.04195291366587035
 287 -0.04180677180823947
 288 -0.04166164445663861
 289 -0.04151752108350049
 290 -0.04137439131046361
 291 -0.04123224489650449
 292 -0.04109107174540847
 293 -0.0409508618951638
 294 -0.04081160552222734
 295 -0.04067329293362177
 296 -0.04053591456853186
 297 -0.04039946099423041
 298 -0.04026392290572984
 299 -0.04012929112179919
 300 -0.03999555658275977
 301 -0.03986271034990574
 302 -0.03973074360321228
 303 -0.03959964763887444
 304 -0.03946941386701334
 305 -0.03934003381182133
 306 -0.0392114991056085
 307 -0.03908380149100535
 308 -0.03895693281969594
 309 -0.03883088504595734
 310 -0.03870565022852107
 311 -0.03858122052959962
 312 -0.03845758821064393
