# Created by Octave 4.0.3, Fri Jul 07 19:52:44 2017 CEST <timo@timo-Lenovo-ideapad-100-14IBY>
# name: EW
# type: matrix
# rows: 900
# columns: 2
 100 -0.1198802489462594
 100.8898776418243 -0.1188249511496828
 101.7797552836485 -0.1177880529391214
 102.6696329254727 -0.1167690777172843
 103.559510567297 -0.1157675651911134
 104.4493882091213 -0.1147830706805308
 105.3392658509455 -0.1138151644634519
 106.2291434927697 -0.1128634311520131
 107.119021134594 -0.1119274691004827
 108.0088987764182 -0.1110068898422227
 108.8987764182425 -0.1101013175540131
 109.7886540600667 -0.1092103885462665
 110.678531701891 -0.1083337507775248
 111.5684093437152 -0.1074710633922678
 112.4582869855395 -0.1066219962804252
 113.3481646273637 -0.1057862296576755
 114.238042269188 -0.1049634536652237
 115.1279199110122 -0.1041533679878341
 116.0177975528365 -0.1033556814893243
 116.9076751946607 -0.1025701118651998
 117.797552836485 -0.1017963853102657
 118.6874304783092 -0.1010342362015322
 119.5773081201335 -0.1002834067941336
 120.4671857619577 -0.09954364693380771
 121.357063403782 -0.0988147137772096
 122.2469410456062 -0.0980963715283103
 123.1368186874305 -0.09738839118464693
 124.0266963292547 -0.09669055029443918
 124.916573971079 -0.09600263272378107
 125.8064516129032 -0.09532442843497189
 126.6963292547275 -0.09465573327222138
 127.5862068965517 -0.09399634875781733
 128.476084538376 -0.09334608189639784
 129.3659621802002 -0.09270474498672598
 130.2558398220245 -0.09207215544129799
 131.1457174638487 -0.09144813561465853
 132.035595105673 -0.09083251263531733
 132.9254727474972 -0.09022511824832757
 133.8153503893215 -0.08962578866244361
 134.7052280311457 -0.08903436440107447
 135.59510567297 -0.08845069016370023
 136.4849833147942 -0.08787461468809031
 137.3748609566185 -0.0873059906217204
 138.2647385984427 -0.08674467439507424
 139.154616240267 -0.08619052610132764
 140.0444938820912 -0.08564340938128163
 140.9343715239154 -0.08510319130960511
 141.8242491657397 -0.08456974228995832
 142.714126807564 -0.08404293594973726
 143.6040044493882 -0.08352264904153106
 144.4938820912125 -0.08300876134596612
 145.3837597330367 -0.08250115558042863
 146.273637374861 -0.08199971730990391
 147.1635150166852 -0.08150433486043472
 148.0533926585094 -0.08101489923650379
 148.9432703003337 -0.0805313040423558
 149.833147942158 -0.08005344540335402
 150.7230255839822 -0.079581221892635
 151.6129032258065 -0.07911453445941419
 152.5027808676307 -0.07865328636036277
 153.3926585094549 -0.07819738309097711
 154.2825361512792 -0.07774673232468844
 155.1724137931034 -0.07730124384565226
 156.0622914349277 -0.0768608294934767
 156.9521690767519 -0.07642540310187219
 157.8420467185762 -0.07599488044494219
 158.7319243604005 -0.07556917918035914
 159.6218020022247 -0.07514821879941216
 160.5116796440489 -0.0747319205743851
 161.4015572858732 -0.07432020751185095
 162.2914349276974 -0.07391300430221744
 163.1813125695217 -0.0735102372763299
 164.0711902113459 -0.07311183436040794
 164.9610678531702 -0.07271772503223575
 165.8509454949944 -0.07232784028146996
 166.7408231368187 -0.07194211256764409
 167.6307007786429 -0.07156047578200057
 168.5205784204672 -0.07118286520875763
 169.4104560622914 -0.07080921749137434
 170.3003337041157 -0.0704394705942696
 171.1902113459399 -0.07007356376897104
 172.0800889877642 -0.06971143752185441
 172.9699666295884 -0.06935303358236558
 173.8598442714127 -0.06899829486968526
 174.7497219132369 -0.06864716546453126
 175.6395995550612 -0.06829959057886728
 176.5294771968854 -0.06795551652730029
 177.4193548387097 -0.06761489070051023
 178.3092324805339 -0.06727766153720732
 179.1991101223582 -0.06694377849796231
 180.0889877641824 -0.06661319204250016
 180.9788654060067 -0.06628585360244472
 181.8687430478309 -0.06596171555743914
 182.7586206896552 -0.06564073121543079
 183.6484983314794 -0.06532285478589038
 184.5383759733037 -0.06500804136191833
 185.4282536151279 -0.06469624689659043
 186.3181312569522 -0.06438742818305551
 187.2080088987764 -0.06408154283488599
 188.0978865406007 -0.0637785492674795
 188.9877641824249 -0.06347840667696308
 189.8776418242492 -0.06318107502456391
 190.7675194660734 -0.06288651501662763
 191.6573971078977 -0.0625946880891733
 192.5472747497219 -0.06230555638916206
 193.4371523915462 -0.06201908275971189
 194.3270300333704 -0.0617352307238766
 195.2169076751946 -0.06145396446841432
 196.1067853170189 -0.06117524882987754
 196.9966629588432 -0.0608990492783459
 197.8865406006674 -0.06062533190501857
 198.7764182424916 -0.06035406340807974
 199.6662958843159 -0.06008521107687002
 200.5561735261402 -0.05981874278265987
 201.4460511679644 -0.05955462696169186
 202.3359288097886 -0.05929283260671616
 203.2258064516129 -0.05903332925126543
 204.1156840934372 -0.0587760869603422
 205.0055617352614 -0.05852107631834029
 205.8954393770856 -0.0582682684171431
 206.7853170189099 -0.05801763484490382
 207.6751946607341 -0.05776914767874611
 208.5650723025584 -0.05752277946856606
 209.4549499443826 -0.05727850323217537
 210.3448275862069 -0.0570362924431335
 211.2347052280311 -0.05679612102132239
 212.1245828698554 -0.05655796332365042
 213.0144605116796 -0.05632179413552259
 213.9043381535039 -0.05608758866063288
 214.7942157953281 -0.05585532251430581
 215.6840934371524 -0.05562497171317451
 216.5739710789766 -0.05539651266724646
 217.4638487208009 -0.05516992217271114
 218.3537263626251 -0.05494517740389347
 219.2436040044494 -0.05472225590484775
 220.1334816462736 -0.05450113558228338
 221.0233592880979 -0.05428179469867304
 221.9132369299221 -0.05406421186515903
 222.8031145717464 -0.05384836603311909
 223.6929922135706 -0.05363423649004544
 224.5828698553949 -0.05342180284969675
 225.4727474972191 -0.05321104504914781
 226.3626251390434 -0.05300194333833086
 227.2525027808676 -0.05279447827887594
 228.1423804226919 -0.05258863073338126
 229.0322580645161 -0.05238438186277459
 229.9221357063404 -0.05218171311824041
 230.8120133481646 -0.05198060623854721
 231.7018909899889 -0.0517810432404431
 232.5917686318131 -0.05158300641754558
 233.4816462736374 -0.05138647833152259
 234.3715239154616 -0.05119144181106742
 235.2614015572859 -0.05099787994169834
 236.1512791991101 -0.05080577606503096
 237.0411568409344 -0.05061511377218611
 237.9310344827586 -0.05042587690074746
 238.8209121245829 -0.05023804952723909
 239.7107897664071 -0.05005161596542568
 240.6006674082313 -0.04986656076065216
 241.4905450500556 -0.04968286868635533
 242.3804226918799 -0.04950052473810729
 243.2703003337041 -0.04931951413227168
 244.1601779755284 -0.0491398223004335
 245.0500556173526 -0.0489614348844623
 245.9399332591769 -0.04878433773474237
 246.8298109010011 -0.04860851690532757
 247.7196885428253 -0.04843395865078464
 248.6095661846496 -0.04826064942163035
 249.4994438264739 -0.04808857586261356
 250.3893214682981 -0.04791772480752469
 251.2791991101224 -0.0477480832753741
 252.1690767519466 -0.04757963847067651
 253.0589543937708 -0.04741237777652755
 253.9488320355951 -0.04724628875165415
 254.8387096774193 -0.04708135913095951
 255.7285873192436 -0.04691757681756413
 256.6184649610678 -0.04675492988269977
 257.5083426028921 -0.04659340656402173
 258.3982202447164 -0.04643299525947462
 259.2880978865406 -0.0462736845262655
 260.1779755283649 -0.0461154630786958
 261.0678531701891 -0.0459583197841214
 261.9577308120133 -0.0458022436615222
 262.8476084538376 -0.04564722387929487
 263.7374860956618 -0.04549324975009339
 264.6273637374861 -0.04534031073099003
 265.5172413793103 -0.04518839642107412
 266.4071190211346 -0.04503749655672009
 267.2969966629588 -0.04488760101323093
 268.1868743047831 -0.0447386997971196
 269.0767519466073 -0.04459078305058391
 269.9666295884316 -0.04444384104285368
 270.8565072302558 -0.04429786417107385
 271.7463848720801 -0.04415284296032951
 272.6362625139043 -0.04400876805747031
 273.5261401557286 -0.04386563023070709
 274.4160177975529 -0.04372342036938218
 275.3058954393771 -0.04358212948045323
