# Created by Octave 4.0.3, Fri Jul 21 14:29:55 2017 CEST <timo@timo-Lenovo-ideapad-100-14IBY>
# name: H
# type: matrix
# rows: 4
# columns: 4
 -0 -1 -0 -1
 -1 -0 -1 -0
 -0 -1 -0 -1
 -1 -0 -1 -0


