# Created by Octave 4.0.3, Sat Jul 29 16:26:28 2017 CEST <timo@timo-Lenovo-ideapad-100-14IBY>
# name: u
# type: matrix
# rows: 4
# columns: 1
 -0.4999999999999998
 -0.4999999999999996
 -0.5000000000000001
 -0.5


