# Created by Octave 4.0.3, Mon Jul 24 12:41:08 2017 CEST <timo@timo-Lenovo-ideapad-100-14IBY>
# name: Z
# type: matrix
# rows: 2
# columns: 6
 1 1 1 2 2 3
 2 3 4 3 4 4


