# Created by Octave 4.0.3, Fri Jul 14 17:39:29 2017 CEST <timo@timo-Lenovo-ideapad-100-14IBY>
# name: zeta
# type: matrix
# rows: 36
# columns: 3
 1 5.131402304251667e-31 0
 2 2.000000000000004 1.000000000000001
 3 1.598597574660155e-30 0
 4 1.999999999999999 0.9999999999999998
 5 1.999999999999999 0.9999999999999998
 6 6.000000000000012 2.000000000000003
 7 5.944403654713727e-29 0
 8 0.6406867998252654 0.4437620461881615
 9 1.803477408661621 0.9329959555635952
 10 0.159984563394966 0.1403003696664293
 11 1.395851228118146 0.7829073341898649
 12 2.000000000000002 1.000000000000001
 13 2.915234061810373e-30 0
 14 1.861992871345072e-30 0
 15 4.810258786885474e-30 0
 16 1.544777797914769 0.8396931730492505
 17 1.473569005255187 0.8128476702402252
 18 0.9499268418002246 0.5954117225044766
 19 1.430127824420421 0.7961974480843652
 20 1.531176525459337 0.834607255135134
 21 1.070422005150062 0.6490961687996624
 22 2.000000000000001 1
 23 2.000000000000001 1
 24 1.220317361012362e-30 0
 25 5.755853875620721e-30 0
 26 0.4048204029838191 0.3092097397979211
 27 1.590067092575532 0.8564907270510669
 28 0.7611372376643102 0.5055531998180456
 29 1.243975266776339 0.7222828096542708
 30 2.000000000000003 1.000000000000001
 31 1.667390073604288e-30 0
 32 3.764029120714213e-30 0
 33 8.646902983995264e-32 0
 34 3.611860212020966e-31 0
 35 2.645457370089184e-30 0
 36 1.166494015821931e-31 0


