# Created by Octave 4.0.3, Thu Jun 29 20:28:29 2017 CEST <timo@timo-Lenovo-ideapad-100-14IBY>
# name: gzdiff
# type: matrix
# rows: 1000
# columns: 3
 0.1 0.000609462794084692 -3.92539453597017
 0.2 0.002376439279167197 -3.85159381527497
 0.3 0.005210572562743376 -3.778621370707777
 0.4 0.009024007149057045 -3.706500701181623
 0.5 0.01373154100107321 -3.635255180766902
 0.6 0.0192507381782141 -3.564907961097915
 0.7000000000000001 0.02550201072533831 -3.495481867633443
 0.8 0.03240867726443541 -3.426999290420201
 0.9 0.03989700449005928 -3.35948207017799
 1 0.04789623655216468 -3.292951380696182
 1.1 0.05633861616470837 -3.227427608698685
 1.2 0.06515940023406941 -3.162930232491047
 1.3 0.07429687187186884 -3.099477700844163
 1.4 0.08369234985324248 -3.037087313685686
 1.5 0.09329019590503762 -2.975775106257512
 1.6 0.1030378196603339 -2.915555738448841
 1.7 0.1128856806903182 -2.856442391024305
 1.8 0.122787286719086 -2.798446670431921
 1.9 0.1326991869314558 -2.741578523793919
 2 0.142580959191847 -2.685846165554341
 2.1 0.1523951899920357 -2.631256017082988
 2.2 0.1621074460260283 -2.57781266031958
 2.3 0.1716862364393319 -2.525518806290915
 2.4 0.1811029650024008 -2.474375279055288
 2.5 0.1903318717016735 -2.424381015331835
 2.6 0.1993499635099969 -2.375533079767719
 2.7 0.2081369343788011 -2.327826695494196
 2.8 0.2166750747723376 -2.281255289333587
 2.9 0.22494917132836 -2.235810550753404
 3 0.2329463974693295 -2.191482503428726
 3.1 0.2406561959937181 -2.148259588077508
 3.2 0.2480701548446822 -2.106128755079499
 3.3 0.2551818773761334 -2.065075565281405
 3.4 0.2619868485156949 -2.025084297329142
 3.5 0.2684822982578583 -1.986138059851529
 3.6 0.274667063914257 -1.948218906844871
 3.7 0.2805414525022718 -1.911307954671523
 3.8 0.286107104576147 -1.875385499180193
 3.9 0.2913668607001787 -1.840431131577803
 4 0.2963246316389698 -1.806423851823105
 4.1 0.3009852732012848 -1.773342178466784
 4.2 0.3053544665263646 -1.741164254024129
 4.3 0.3094386044525221 -1.709867945129282
 4.399999999999999 0.3132446844600778 -1.679430936880068
 4.5 0.3167802085392104 -1.649830820935098
 4.6 0.3200530902010323 -1.621045177067481
 4.7 0.3230715687300776 -1.593051648009331
 4.8 0.3258441306681075 -1.565828007537425
 4.9 0.3283794384266467 -1.539352221850977
 5 0.3306862658458178 -1.513602504378932
 5.1 0.3327734404524407 -1.488557364225108
 5.2 0.3346497921181579 -1.464195648516554
 5.3 0.3363241077796872 -1.440496578964778
 5.4 0.3378050918552968 -1.417439782980987
 5.5 0.3391013319732095 -1.395005319708758
 5.6 0.3402212696199547 -1.373173701348751
 5.7 0.3411731753139142 -1.351925910154995
 5.8 0.3419651279151357 -1.331243411479603
 5.9 0.3426049976918526 -1.31110816323478
 6 0.343100432778213 -1.291502622129182
 6.1 0.3434588486747201 -1.27240974701985
 6.2 0.3436874204620646 -1.253812999703238
 6.3 0.3437930774193347 -1.235696343449413
 6.4 0.3437824997594516 -1.218044239562636
 6.5 0.3436621172160264 -1.200841642230866
 6.6 0.343438109237743 -1.184073991905415
 6.7 0.3431164065671517 -1.167727207431543
 6.8 0.3427026940016253 -1.151787677130378
 6.9 0.3422024141535125 -1.136242249013589
 7 0.3416207720450091 -1.121078220293853
 7.1 0.3409627403908098 -1.10628332633676
 7.2 0.3402330654373333 -1.091845729184103
 7.3 0.3394362732430294 -1.07775400576322
 7.4 0.3385766762971314 -1.06399713588354
 7.5 0.3376583803875761 -1.050564490108779
 7.6 0.3366852916398804 -1.03744581758179
 7.7 0.3356611236589611 -1.024631233868736
 7.8 0.3345894047160352 -1.012111208879473
 7.9 0.3334734849301487 -0.9998765549131511
 8 0.3323165434020547 -0.9879184148698703
 8.1 0.3311215952647651 -0.9762282506627914
 8.199999999999999 0.3298914986207133 -0.9647978318591064
 8.300000000000001 0.3286289613413609 -0.9536192245726087
 8.4 0.3273365477088238 -0.9426847806264079
 8.5 0.3260166848840552 -0.9319871269998176
 8.6 0.3246716691889793 -0.9215191555699458
 8.699999999999999 0.323303672193612 -0.9112740131554455
 8.800000000000001 0.3219147466011321 -0.9012450918672759
 8.9 0.3205068319270963 -0.8914260197685409
 9 0.3190817599702046 -0.8818106518440546
 9.1 0.3176412600740132 -0.8723930612781022
 9.199999999999999 0.3161869641803512 -0.8631675310376872
 9.300000000000001 0.3147204116764095 -0.8541285457572729
 9.4 0.3132430540386548 -0.8452707839199216
 9.5 0.311756259276916 -0.8365891103290554
 9.6 0.3102613161833679 -0.8280785688644302
 9.700000000000001 0.3087594383912878 -0.8197343755151546
 9.800000000000001 0.3072517682490896 -0.811551911682296
 9.9 0.3057393805147218 -0.8035267177437154
 10 0.3042232858771955 -0.7956544868725391
 10.1 0.3027044343105794 -0.7879310591018318
 10.2 0.3011837182667282 -0.7803524156270379
 10.3 0.299661975713287 -0.7729146733378449
 10.4 0.2981399930223972 -0.7656140795718561
 10.5 0.2966185077170288 -0.758447007081498
 10.6 0.2950982110801479 -0.7514099492066548
 10.7 0.2935797506331674 -0.7444995152448775
 10.8 0.2920637324892329 -0.737712426011888
 10.9 0.2905507235870111 -0.7310455095845769
 11 0.2890412538103223 -0.7244956972195528
 11.1 0.2875358179991804 -0.7180600194399153
 11.2 0.2860348778571224 -0.7117356022835235
 11.3 0.2845388637598536 -0.7055196637061854
 11.4 0.283048176469973 -0.6994095101331381
 11.5 0.2815631887624772 -0.6934025331529333
 11.6 0.2800842469649788 -0.687496206347483
 11.7 0.2786116724177619 -0.6816880822525291
 11.8 0.2771457628565723 -0.6759757894432367
 11.9 0.2756867937229102 -0.6703570297392898
 12 0.2742350194052764 -0.6648295755245314
 12.1 0.2727906744142718 -0.659391267176243
 12.2 0.2713539744961914 -0.6540400105992311
 12.3 0.2699251176870127 -0.6487737748602994
 12.4 0.2685042853105041 -0.6435905899188162
 12.5 0.2670916429234135 -0.6384885444490593
 12.6 0.2656873412101423 -0.6334657837505231
 12.7 0.2642915168297586 -0.6285205077422921
 12.8 0.2629042932178433 -0.6236509690379619
 12.9 0.2615257813455062 -0.6188554710974198
 13 0.2601560804376439 -0.614132366452412
 13.1 0.2587952786530576 -0.6094800550024612
 13.2 0.2574434537278264 -0.6048969823783292
 13.3 0.2561006735844382 -0.6003816383699287
 13.4 0.254766996908073 -0.5959325554160473
 13.5 0.253442473691988 -0.5915483071531087
 13.6 0.2521271457537884 -0.587227507020574
 13.7 0.2508210472234983 -0.5829688069204629
 13.8 0.2495242050059102 -0.5787708959286356
 13.9 0.2482366392177604 -0.5746324990557949
 14 0.246958363601135 -0.5705523760560359
 14.1 0.2456893859150689 -0.5665293202807261
 14.2 0.2444297083056751 -0.5625621575761418
 14.3 0.2431793276563143 -0.5586497452228045
 14.4 0.2419382359189103 -0.5547909709147499
 14.5 0.2407064204273675 -0.5509847517771232
 14.6 0.2394838641938548 -0.5472300334205862
 14.7 0.2382705461892234 -0.5435257890307434
 14.8 0.2370664416078689 -0.539871018491471
 14.9 0.2358715221187738 -0.5362647475404092
 15 0.2346857561021435 -0.5327060269555959
 15.1 0.2335091088738533 -0.5291939317716938
 15.2 0.2323415428970638 -0.5257275605248718
 15.3 0.2311830179827066 -0.5223060345248139
 15.4 0.2300334914786762 -0.5189284971532644
 15.5 0.2288929184488535 -0.515594113187427
 15.6 0.2277612518420626 -0.5123020681477528
 15.7 0.2266384426519346 -0.5090515676688149
 15.8 0.2255244400680058 -0.5058418368923957
 15.9 0.2244191916179399 -0.5026721198820767
 16 0.2233226433025009 -0.4995416790582924
 16.1 0.2222347397227085 -0.4964497946529526
 16.2 0.2211554241997576 -0.4933957641832472
 16.3 0.2200846388885084 -0.4903789019434867
 16.4 0.2190223248844349 -0.4873985385143664
 16.5 0.2179684223246275 -0.4844540202892264
 16.6 0.2169228704829409 -0.4815447090163006
 16.7 0.215885607859808 -0.4786699813565272
 16.8 0.2148565722670623 -0.4758292284563116
 16.9 0.2138357009077793 -0.4730218555345806
 17 0.2128229304513275 -0.470247281483778
 17.1 0.2118181971045078 -0.4675049384839403
 17.2 0.2108214366780992 -0.4647942716298105
 17.3 0.2098325846498444 -0.4621147385699863
 17.4 0.2088515762236723 -0.4594658091580966
 17.5 0.2078783463851394 -0.4568469651152956
 17.6 0.2069128299538541 -0.4542576997037921
