# Created by Octave 4.0.3, Sun Aug 13 02:39:22 2017 CEST <timo@timo-Lenovo-ideapad-100-14IBY>
# name: ediff
# type: matrix
# rows: 1500
# columns: 2
 0 1.77635683940025e-15
 0.01000667111407605 0.005003312072633825
 0.0200133422281521 0.01000648323975639
 0.03002001334222815 0.01500937260023649
 0.0400266844563042 0.02001183926178118
 0.05003335557038025 0.0250137423453527
 0.06004002668445631 0.03001494098955337
 0.07004669779853236 0.03501529435510475
 0.08005336891260841 0.04001466162923917
 0.09006004002668445 0.04501290203021213
 0.1000667111407605 0.0500098748117499
 0.1100733822548366 0.05500543926753165
 0.1200800533689126 0.05999945473573476
 0.1300867244829887 0.06499178060355204
 0.1400933955970647 0.06998227631174547
 0.1501000667111408 0.07497080135925804
 0.1601067378252168 0.07995721530781763
 0.1701134089392929 0.08494137778659905
 0.1801200800533689 0.08992314849688698
 0.190126751167445 0.09490238721682909
 0.200133422281521 0.09987895380617484
 0.2101400933955971 0.1048527082110868
 0.2201467645096731 0.1098235104689653
 0.2301534356237492 0.1147912207133661
 0.2401601067378252 0.1197556991789099
 0.2501667778519013 0.1247168062062847
 0.2601734489659773 0.1296744022472658
 0.2701801200800534 0.1346283478698105
 0.2801867911941294 0.1395785037632131
 0.2901934623082055 0.1445247307432749
 0.3002001334222815 0.1494668897575893
 0.3102068045363576 0.1544048418908557
 0.3202134756504336 0.1593384483702538
 0.3302201467645097 0.1642675705709005
 0.3402268178785857 0.1691920700213463
 0.3502334889926618 0.174111808409172
 0.3602401601067378 0.1790266475866229
 0.3702468312208139 0.1839364495763434
 0.3802535023348899 0.188841076577162
 0.390260173448966 0.193740390969968
 0.400266844563042 0.1986342553236389
 0.4102735156771181 0.2035225324010788
 0.4202801867911941 0.2084050851652952
 0.4302868579052702 0.2132817767856223
 0.4402935290193462 0.2181524706439419
 0.4503002001334223 0.2230170303410235
 0.4603068712474983 0.2278753197030059
 0.4703135423615744 0.2327272027878502
 0.4803202134756505 0.237572543891972
 0.4903268845897265 0.2424112075569176
 0.5003335557038026 0.2472430585761662
 0.5103402268178786 0.2520679620019521
 0.5203468979319547 0.2568857831522577
 0.5303535690460307 0.26169638761785
 0.5403602401601068 0.266499641269407
 0.5503669112741828 0.2712954102647656
 0.5603735823882589 0.27608356105624
 0.5703802535023349 0.2808639603980536
 0.5803869246164109 0.2856364753538312
 0.590393595730487 0.2904009733042265
 0.600400266844563 0.2951573219546226
 0.6104069379586391 0.2999053893429089
 0.6204136090727151 0.3046450438474211
 0.6304202801867912 0.3093761541948981
 0.6404269513008672 0.3140985894685921
 0.6504336224149433 0.3188122191164271
 0.6604402935290193 0.3235169129592861
 0.6704469646430954 0.3282125411994286
 0.6804536357571714 0.3328989744289013
 0.6904603068712475 0.3375760836381452
 0.7004669779853235 0.3422437402246272
 0.7104736490993996 0.3469018160016528
 0.7204803202134756 0.3515501832071344
 0.7304869913275517 0.3561887145126179
 0.7404936624416277 0.3608172830322736
 0.7505003335557038 0.3654357623320337
 0.7605070046697798 0.3700440264388023
 0.7705136757838559 0.3746419498498068
 0.7805203468979319 0.3792294075419433
 0.790527018012008 0.3838062749812878
 0.800533689126084 0.3883724281326955
 0.8105403602401601 0.3929277434694058
 0.8205470313542361 0.3974720979828366
 0.8305537024683122 0.4020053691923682
 0.8405603735823882 0.4065274351552861
 0.8505670446964643 0.4110381744767331
 0.8605737158105403 0.4155374663197957
 0.8705803869246164 0.4200251904156347
 0.8805870580386924 0.424501227073677
 0.8905937291527685 0.4289654571919548
 0.9006004002668445 0.4334177622673612
 0.9106070713809206 0.43785802440618
 0.9206137424949966 0.4422861263344813
 0.9306204136090727 0.4467019514087149
 0.9406270847231487 0.4511053836262948
 0.9506337558372248 0.4554963076362708
 0.9606404269513009 0.4598746087500425
 0.970647098065377 0.4642401729521408
 0.980653769179453 0.4685928869109914
 0.9906604402935291 0.4729326379898744
 1.000667111407605 0.4772593142577226
 1.010673782521681 0.4815728045001522
 1.020680453635757 0.4858729982303842
 1.030687124749833 0.4901597857002988
 1.040693795863909 0.4944330579114515
 1.050700466977985 0.498692706626171
 1.060707138092061 0.5029386243786083
 1.070713809206137 0.5071707044859091
 1.080720480320214 0.5113888410592637
 1.09072715143429 0.5155929290151158
 1.100733822548366 0.5197828640862636
 1.110740493662442 0.5239585428330256
 1.120747164776518 0.5281198626543917
 1.130753835890594 0.532266721799127
 1.14076050700467 0.5363990193769661
 1.150767178118746 0.5405166553697125
 1.160773849232822 0.5446195306422901
 1.170780520346898 0.5487075469539122
 1.180787191460974 0.5527806069690651
 1.19079386257505 0.5568386142685706
 1.200800533689126 0.560881473360566
 1.210807204803202 0.564909089691457
 1.220813875917278 0.5689213696568038
 1.230820547031354 0.5729182206122068
 1.24082721814543 0.5768995508840824
 1.250833889259506 0.5808652697804266
 1.260840560373582 0.5848152876014732
 1.270847231487658 0.5887495156503486
 1.280853902601734 0.5926678662435294
 1.290860573715811 0.5965702527213974
 1.300867244829887 0.6004565894585547
 1.310873915943963 0.6043267918741302
 1.320880587058039 0.608180776441992
 1.330887258172115 0.6120184607008086
 1.340893929286191 0.6158397632640877
 1.350900600400267 0.6196446038300372
 1.360907271514343 0.623432903191353
 1.370913942628419 0.6272045832448678
 1.380920613742495 0.6309595670010952
 1.390927284856571 0.6346977785936305
 1.400933955970647 0.638419143288445
 1.410940627084723 0.6421235874929683
 1.420947298198799 0.6458110387651574
 1.430953969312875 0.6494814258222923
 1.440960640426951 0.6531346785496881
 1.450967311541027 0.6567707280092323
 1.460973982655103 0.6603895064477485
 1.470980653769179 0.6639909473052534
 1.480987324883255 0.6675749852229194
 1.490993995997332 0.6711415560509937
 1.501000667111408 0.6746905968564794
 1.511007338225484 0.6782220459305792
 1.52101400933956 0.681735842796082
 1.531020680453636 0.6852319282144088
 1.541027351567712 0.688710244192571
 1.551034022681788 0.6921707339898497
 1.561040693795864 0.6956133421243207
 1.57104736490994 0.6990380143791692
 1.581054036024016 0.7024446978087173
 1.591060707138092 0.7058333407443476
 1.601067378252168 0.7092038928000943
 1.611074049366244 0.7125563048780719
 1.62108072048032 0.715890529173679
 1.631087391594396 0.7192065191805317
 1.641094062708472 0.7225042296951418
 1.651100733822548 0.7257836168214666
 1.661107404936624 0.7290446379750604
 1.6711140760507 0.7322872518871284
 1.681120747164776 0.7355114186081937
 1.691127418278852 0.7387170995116334
 1.701134089392929 0.7419042572968944
 1.711140760507005 0.7450728559924138
 1.721147431621081 0.7482228609584149
 1.731154102735157 0.7513542388892853
 1.741160773849233 0.7544669578157888
 1.751167444963309 0.7575609871069839
 1.761174116077385 0.7606362974718728
 1.771180787191461 0.7636928609607851
 1.781187458305537 0.7667306509664642
 1.791194129419613 0.769749642224935
 1.801200800533689 0.7727498108160251
 1.811207471647765 0.7757311341637187
 1.821214142761841 0.778693591036089
 1.831220813875917 0.7816371615450839
 1.841227484989993 0.7845618271459602
 1.851234156104069 0.7874675706364656
 1.861240827218145 0.7903543761557339
 1.871247498332221 0.7932222291829127
 1.881254169446297 0.7960711165354946
 1.891260840560373 0.7989010263673868
 1.90126751167445 0.8017119481667048
 1.911274182788526 0.8045038727532252
 1.921280853902602 0.8072767922757049
 1.931287525016678 0.8100307002087481
 1.941294196130754 0.8127655913495224
 1.95130086724483 0.815481461814143
 1.961307538358906 0.8181783090338248
 1.971314209472982 0.8208561317507064
 1.981320880587058 0.8235149300134514
 1.991327551701134 0.8261547051725335
 2.00133422281521 0.8287754598753523
 2.011340893929286 0.8313771980609461
 2.021347565043362 0.8339599249545073
 2.031354236157438 0.836523647061711
