# Created by Octave 4.0.3, Sun Aug 13 02:39:07 2017 CEST <timo@timo-Lenovo-ideapad-100-14IBY>
# name: gzv
# type: matrix
# rows: 2000
# columns: 4
 0.01 0.2507808583721954 0.1253904291860191 0.6238287124417856
 0.02 0.2515609295117913 0.1257804647557037 0.622658605732505
 0.03 0.2523402075281948 0.1261701037636387 0.6214896887081665
 0.03999999999999999 0.2531186866293517 0.1265593433146815 0.6203219700559668
 0.05 0.253896361126482 0.1269481805629537 0.6191554583105643
 0.05999999999999999 0.2546732254222468 0.127336612711145 0.6179901618666083
 0.06999999999999999 0.2554492740201925 0.1277246370100525 0.616826088969755
 0.07999999999999999 0.2562245015154775 0.1281122507576658 0.6156632477268568
 0.08999999999999998 0.2569989025976874 0.1284994512988164 0.6145016461034962
 0.09999999999999998 0.2577724720487741 0.128886236024345 0.6133412919268808
 0.11 0.2585452047411557 0.129272602370576 0.6121821928882683
 0.12 0.2593170956371597 0.129658547818597 0.6110243565442433
 0.13 0.2600881397874244 0.1300440698936926 0.6098677903188831
 0.14 0.2608583323295841 0.1304291661647464 0.6087125015056696
 0.15 0.2616276684871581 0.1308138342435828 0.607558497269259
 0.16 0.2623961435686881 0.1311980717843453 0.6064057846469666
 0.17 0.2631637529658557 0.131581876482909 0.6052543705512353
 0.18 0.2639304921526239 0.1319652460763189 0.6041042617710571
 0.19 0.2646963566842897 0.1323481783421459 0.6029554649735644
 0.2 0.2654613421957522 0.132730671097868 0.6018079867063798
 0.21 0.26622544440077 0.1331127222003676 0.6006618333988625
 0.22 0.2669886590905933 0.1334943295452952 0.5995170113641116
 0.23 0.2677509821329812 0.1338754910664906 0.5983735268005284
 0.24 0.2685124094709262 0.1342562047354508 0.5972313857936231
 0.25 0.2692729371214195 0.1346364685607152 0.5960905943178653
 0.26 0.2700325611747317 0.1350162805873605 0.5949511582379079
 0.27 0.2707912777927768 0.1353956388963905 0.5938130833108327
 0.28 0.2715490832084589 0.1357745416042398 0.5926763751873014
 0.29 0.272305973724413 0.1361529868621978 0.5915410394133892
 0.3 0.2730619457117882 0.1365309728558944 0.5904070814323175
 0.3099999999999999 0.2738169956094968 0.1369084978047343 0.5892745065857687
 0.32 0.2745711199228563 0.1372855599614209 0.5881433201157229
 0.33 0.2753243152227726 0.1376621576113906 0.5870135271658368
 0.34 0.2760765781446712 0.1380382890723323 0.5858851327829965
 0.35 0.2768279053873344 0.1384139526936561 0.5847581419190095
 0.3599999999999999 0.2775782937120349 0.1387891468560148 0.5836325594319504
 0.3699999999999999 0.2783277399415764 0.1391638699707808 0.5825083900876427
 0.3799999999999999 0.2790762409591717 0.1395381204795854 0.5813856385612428
 0.39 0.2798237937076075 0.1399118968538019 0.5802643094385905
 0.4 0.2805703951881955 0.1402851975940941 0.5791444072177104
 0.4099999999999999 0.2813160424598763 0.1406580212299391 0.5780259363101845
 0.4199999999999999 0.2820607326383124 0.1410303663191556 0.5769089010425319
 0.4299999999999999 0.2828044628948601 0.1414022314474307 0.5757933056577093
 0.4399999999999999 0.2835472304557961 0.1417736152278944 0.5746791543163096
 0.45 0.2842890326013009 0.1421445163006473 0.5735664510980518
 0.46 0.2850298666646602 0.1425149333323298 0.57245520000301
 0.4699999999999999 0.2857697300313735 0.1428848650156812 0.5713454049529453
 0.4799999999999999 0.28650862013823 0.143254310069112 0.5702370697926579
 0.4899999999999999 0.2872465344725427 0.1436232672362696 0.5691301982911877
 0.4999999999999999 0.2879834705712529 0.1439917352856266 0.5680247941431205
 0.5099999999999999 0.2887194260201428 0.1443597130100738 0.5669208609697833
 0.5199999999999999 0.2894543984529932 0.144727199226495 0.5658184023205118
 0.5299999999999999 0.2901883855507668 0.1450941927753859 0.5647174216738473
 0.5399999999999999 0.290921385040889 0.1454606925204428 0.5636179224386683
 0.5499999999999999 0.2916533946963639 0.1458266973481778 0.5625199079554584
 0.5599999999999999 0.2923844123350799 0.146192206167537 0.5614233814973832
 0.57 0.2931144358190341 0.1465572179095173 0.5603283462714486
 0.58 0.293843463053587 0.1469217315267934 0.5592348054196196
 0.59 0.2945714919867104 0.1472857459933563 0.5581427620199333
 0.5999999999999999 0.295298520608288 0.1476492603041427 0.5570522190875693
 0.6099999999999999 0.2960245469493744 0.1480122734746888 0.5559631795759368
 0.6199999999999999 0.2967495690815303 0.1483747845407637 0.554875646377706
 0.6299999999999999 0.2974735851161024 0.1487367925580504 0.5537896223258472
 0.6399999999999999 0.2981965932035437 0.1490982966017738 0.5527051101946824
 0.6499999999999999 0.2989185915327791 0.1494592957663886 0.5516221127008323
 0.6599999999999999 0.2996395783305031 0.149819789165252 0.5505406325042449
 0.6699999999999999 0.3003595518605592 0.1501797759302797 0.5494606722091612
 0.6799999999999999 0.3010785104232834 0.1505392552116432 0.5483822343650735
 0.6899999999999999 0.3017964523549047 0.1508982261774509 0.5473053214676443
 0.7 0.30251337602691 0.1512566880134531 0.546229935959637
 0.7099999999999999 0.3032292798454347 0.1516146399227146 0.5451560802318506
 0.7199999999999999 0.3039441622506683 0.1519720811253352 0.5440837566239964
 0.7299999999999999 0.3046580217163022 0.1523290108581485 0.5430129674255493
 0.7399999999999999 0.3053708567488985 0.1526854283744472 0.5419437148766543
 0.7499999999999999 0.3060826658873668 0.1530413329436818 0.5408760011689514
 0.7599999999999999 0.3067934477023774 0.1533967238511905 0.5398098284464321
 0.7699999999999999 0.3075032007958586 0.1537516003979297 0.5387451988062115
 0.7799999999999999 0.3082119238004086 0.1541059619002047 0.5376821142993866
 0.7899999999999999 0.3089196153787944 0.1544598076893995 0.5366205769318061
 0.7999999999999999 0.3096262742234522 0.1548131371117236 0.5355605886648243
 0.8099999999999998 0.3103318990559241 0.1551659495279624 0.5345021514161135
 0.8199999999999998 0.3110364886264279 0.1555182443132115 0.5334452670603607
 0.8299999999999998 0.3117400417133047 0.1558700208566507 0.5323899374300446
 0.8399999999999999 0.3124425571225852 0.156221278561291 0.5313361643161238
 0.8499999999999999 0.3131440336874811 0.1565720168437408 0.5302839494687781
 0.8599999999999999 0.3138444702679502 0.1569222351339756 0.5292332945980742
 0.8699999999999999 0.3145438657502225 0.1572719328751117 0.5281842013746658
 0.8799999999999999 0.3152422190463577 0.1576211095231776 0.5271366714304647
 0.8899999999999999 0.3159395290938116 0.1579697645469041 0.5260907063592842
 0.8999999999999999 0.3166357948549984 0.1583178974274988 0.5250463077175028
 0.9099999999999999 0.3173310153168876 0.1586655076584425 0.52400347702467
 0.9199999999999998 0.3180251894905645 0.1590125947452822 0.5229622157641534
 0.9299999999999998 0.3187183164108479 0.1593591582054231 0.521922525383729
 0.9399999999999998 0.3194103951358743 0.1597051975679372 0.5208844072961886
 0.9499999999999998 0.3201014247467224 0.1600507123733612 0.5198478628799164
 0.9599999999999999 0.3207914043470264 0.1603957021735127 0.5188128934794609
 0.9699999999999999 0.3214803330625932 0.1607401665312969 0.51777950040611
 0.9799999999999999 0.3221682100410513 0.1610841050205259 0.5167476849384229
 0.9899999999999999 0.3228550344514808 0.1614275172257403 0.5157174483227788
 0.9999999999999999 0.323540805484063 0.1617704027420306 0.5146887917739065
 1.01 0.3242255223497331 0.1621127611748662 0.5136617164754008
 1.02 0.3249091842798449 0.1624545921399223 0.5126362235802328
 1.03 0.3255917905258499 0.162795895262925 0.5116123142112252
 1.04 0.3262733403589488 0.163136670179473 0.5105899894615782
 1.05 0.326953833069795 0.1634769165348982 0.5095692503953068
 1.06 0.3276332679681822 0.1638166339840898 0.508550098047728
 1.07 0.3283116443827208 0.1641558221913595 0.5075325334259198
 1.08 0.3289889616605649 0.1644944808302813 0.5065165575091538
 1.09 0.3296652191671086 0.1648326095835548 0.5055021712493366
 1.1 0.3303404162857034 0.1651702081428505 0.504489375571446
 1.11 0.3310145524173677 0.1655072762086842 0.503478171373948
 1.12 0.3316876269805397 0.1658438134902705 0.5024685595291897
 1.13 0.3323596394107815 0.1661798197053899 0.5014605408838286
 1.14 0.3330305891605359 0.1665152945802678 0.5004541162591963
 1.15 0.3337004756988683 0.1668502378494347 0.4994492864516969
 1.16 0.3343692985112102 0.167184649255605 0.4984460522331849
 1.17 0.3350370570991195 0.1675185285495598 0.4974444143513208
 1.18 0.3357037509800428 0.1678518754900209 0.4964443735299362
 1.19 0.33636937968708 0.1681846898435386 0.4954459304693815
 1.2 0.3370339427687509 0.1685169713843759 0.4944490858468731
 1.21 0.3376974397887893 0.1688487198943939 0.4934538403168168
 1.22 0.3383598703259002 0.1691799351629491 0.4924601945111508
 1.23 0.3390212339735699 0.1695106169867843 0.4914681490396459
 1.24 0.3396815303398387 0.1698407651699195 0.4904777044902418
 1.25 0.3403407590471194 0.1701703795235597 0.4894888614293209
 1.26 0.3409989197319752 0.1704994598659872 0.4885016204020376
 1.27 0.3416560120449444 0.1708280060224715 0.4875159819325841
 1.28 0.3423120356503357 0.171156017825169 0.4865319465244952
 1.29 0.3429669902260638 0.1714834951130316 0.4855495146609047
 1.3 0.3436208754634421 0.1718104377317218 0.4845686868048361
 1.31 0.3442736910670347 0.1721368455335172 0.483589463399448
 1.32 0.3449254367544643 0.1724627183772319 0.4826118448683038
 1.33 0.3455761122562501 0.1727880561281257 0.4816358316156241
 1.34 0.3462257173156522 0.1731128586578255 0.4806614240265223
 1.35 0.346874251688495 0.1734371258442473 0.4796886224672576
 1.36 0.3475217151430318 0.1737608575715149 0.4787174272854532
 1.37 0.348168107459774 0.1740840537298869 0.4777478388103391
 1.38 0.3488134284313582 0.1744067142156793 0.4767798573529625
 1.39 0.3494576778623941 0.1747288389311965 0.4758134832064094
 1.4 0.3501008555693183 0.1750504277846589 0.4748487166460228
 1.41 0.3507429613802723 0.1753714806901358 0.4738855579295917
 1.42 0.3513839951349537 0.1756919975674773 0.4729240072975689
 1.43 0.3520239566844927 0.1760119783422459 0.4719640649732614
 1.44 0.3526628458913227 0.1763314229456608 0.4710057311630164
 1.45 0.3533006626290598 0.17665033131453 0.4700490060564103
 1.46 0.3539374067823762 0.1769687033911883 0.4690938898264355
 1.47 0.3545730782468897 0.1772865391234448 0.4681403826296655
 1.48 0.3552076769290392 0.1776038384645203 0.4671884846064405
 1.49 0.3558412027459866 0.1779206013729935 0.4662381958810199
 1.5 0.3564736556254925 0.1782368278127462 0.4652895165617613
 1.51 0.3571050355058258 0.1785525177529131 0.4643424467412611
 1.52 0.3577353423356451 0.1788676711678218 0.4633969864965331
 1.53 0.3583645760739098 0.1791822880369544 0.4624531358891358
 1.54 0.3589927366897772 0.1794963683448879 0.461510894965335
 1.55 0.3596198241625088 0.1798099120812544 0.4605702637562368
 1.56 0.360245838481379 0.1801229192406892 0.4596312422779318
 1.57 0.3608707796455814 0.1804353898227899 0.4586938305316287
 1.58 0.3614946476641383 0.1807473238320692 0.4577580285037925
 1.59 0.3621174425558291 0.1810587212779136 0.4568238361662572
 1.6 0.3627391643490901 0.1813695821745443 0.4558912534763656
 1.61 0.3633598130819404 0.1816799065409712 0.4549602803770884
 1.62 0.3639793888019112 0.1819896944009554 0.4540309167971335
 1.63 0.3645978915659563 0.1822989457829777 0.453103162651066
 1.64 0.365215321440383 0.1826076607201914 0.4521770178394255
 1.65 0.3658316785007786 0.1829158392503901 0.4512524822488312
 1.66 0.3664469628319462 0.1832234814159737 0.4503295557520801
 1.67 0.3670611745278313 0.183530587263915 0.4494082382082537
 1.68 0.3676743136914464 0.1838371568457223 0.4484885294628312
 1.69 0.3682863804348177 0.1841431902174102 0.4475704293477721
 1.7 0.3688973748789277 0.1844486874394637 0.4466539376816085
 1.71 0.3695072971536342 0.1847536485768158 0.4457390542695501
 1.72 0.3701161473976224 0.1850580736988089 0.4448257789035686
 1.73 0.3707239257583467 0.185361962879173 0.4439141113624802
 1.74 0.3713306323919828 0.1856653161959906 0.4430040514120266
 1.75 0.3719362674633466 0.1859681337316735 0.44209559880498
 1.76 0.3725408311458747 0.1862704155729366 0.4411887532811887
 1.77 0.373144323621542 0.1865721618107705 0.4402835145676874
 1.78 0.3737467450808274 0.1868733725404134 0.4393798823787592
 1.79 0.37434809572267 0.1871740478613348 0.4384778564159951
 1.8 0.3749483757544052 0.1874741878772018 0.437577436368393
 1.81 0.3755475853917248 0.187773792695862 0.4366786219124132
 1.82 0.3761457248586394 0.1880728624293198 0.4357814127120408
 1.83 0.3767427943874284 0.1883713971937134 0.4348858084188582
 1.84 0.3773387942185904 0.1886693971092951 0.4339918086721145
 1.85 0.3779337246008136 0.1889668623004068 0.4330994130987795
 1.86 0.3785275857909307 0.1892637928954645 0.4322086213136048
 1.87 0.3791203780538732 0.1895601890269361 0.4313194329191907
 1.88 0.3797121016626451 0.189856050831322 0.4304318475060329
 1.89 0.3803027568982771 0.1901513784491389 0.429545864652584
 1.9 0.38089234404979 0.1904461720248943 0.4286614839253157
 1.91 0.3814808634141628 0.1907404317070814 0.4277787048787558
 1.92 0.382068315296296 0.1910341576481488 0.4268975270555552
 1.93 0.3826547000089843 0.1913273500044915 0.4260179499865242
 1.94 0.38324001787287 0.1916200089364349 0.425139973190695
 1.95 0.3838242692164248 0.1919121346082115 0.4242635961753636
 1.96 0.3844074543759091 0.1922037271879544 0.4233888184361365
 1.97 0.3849895736953552 0.1924947868476774 0.4225156394569674
 1.98 0.3855706275265136 0.1927853137632568 0.4216440587102296
 1.99 0.3861506162288518 0.1930753081144262 0.420774075656722
 2 0.3867295401695073 0.193364770084754 0.4199056897457387
 2.01 0.3873073997232656 0.193653699861633 0.4190389004151013
 2.02 0.387884195272532 0.1939420976362663 0.4181737070912017
 2.029999999999999 0.38845992720731 0.1942299636036548 0.4173101091890352
 2.04 0.3890345959251697 0.1945172979625846 0.4164481061122456
 2.049999999999999 0.3896082018312245 0.1948041009156123 0.4155876972531631
 2.06 0.3901807453381075 0.1950903726690538 0.4147288819928387
 2.069999999999999 0.3907522268659505 0.1953761134329747 0.4138716597010749
 2.08 0.391322646842347 0.1956613234211738 0.4130160297364792
 2.089999999999999 0.3918920057023454 0.1959460028511731 0.4121619914464815
 2.1 0.3924603038884205 0.1962301519442099 0.4113095441673696
 2.109999999999999 0.3930275418504419 0.1965137709252214 0.4104586872243367
 2.12 0.3935937200456674 0.1967968600228333 0.4096094199314993
 2.129999999999999 0.394158838938708 0.1970794194693535 0.4087617415919385
 2.14 0.3947228990015197 0.1973614495007595 0.4079156514977208
 2.149999999999999 0.3952859007133667 0.1976429503566827 0.4070711489299506
 2.159999999999999 0.3958478445608186 0.1979239222804086 0.4062282331587729
 2.169999999999999 0.3964087310377098 0.1982043655188549 0.4053869034434353
 2.179999999999999 0.396968560645139 0.1984842803225695 0.4045471590322915
 2.19 0.3975273338914432 0.1987636669457211 0.4037089991628358
 2.199999999999999 0.3980850512921676 0.1990425256460839 0.4028724230617485
 2.21 0.398641713370064 0.199320856685032 0.4020374299449039
 2.219999999999999 0.3991973206550544 0.1995986603275279 0.4012040190174178
 2.23 0.3997518736842259 0.199875936842113 0.4003721894736611
 2.239999999999999 0.4003053730018084 0.2001526865009043 0.3995419404972874
 2.25 0.40085781915915 0.2004289095795741 0.398713271261276
 2.259999999999999 0.4014092127147004 0.2007046063573502 0.3978861809279494
 2.27 0.401959554234006 0.200979777117003 0.397060668648991
 2.279999999999999 0.4025088442896707 0.2012544221448358 0.3962367335654935
 2.29 0.4030570834613573 0.2015285417306781 0.3954143748079647
 2.299999999999999 0.4036042723357542 0.2018021361678769 0.3945935914963689
 2.31 0.4041504115065711 0.2020752057532848 0.3937743827401441
 2.319999999999999 0.4046955015745075 0.202347750787254 0.3929567476382385
 2.33 0.4052395431472476 0.2026197715736237 0.3921406852791286
 2.339999999999999 0.4057825368394422 0.2028912684197205 0.3913261947408374
 2.35 0.4063244832726716 0.2031622416363352 0.3905132750909933
 2.359999999999999 0.4068653830754614 0.20343269153773 0.3897019253868086
 2.369999999999999 0.4074052368832324 0.2037026184416161 0.3888921446751515
 2.379999999999999 0.4079440453383122 0.2039720226691555 0.3880839319925323
 2.389999999999999 0.4084818090898908 0.2042409045449453 0.387277286365164
 2.399999999999999 0.4090185287940215 0.2045092643970106 0.3864722068089678
 2.409999999999999 0.4095542051135991 0.2047771025567992 0.3856686923296017
 2.419999999999999 0.4100888387183354 0.2050444193591668 0.3848667419224978
 2.429999999999999 0.4106224302847574 0.2053112151423795 0.384066354572863
 2.44 0.4111549804961729 0.2055774902480858 0.3832675292557413
 2.449999999999999 0.4116864900426588 0.2058432450213299 0.3824702649360112
 2.46 0.412216959621054 0.2061084798105268 0.3816745605684191
 2.469999999999999 0.4127463899349201 0.2063731949674598 0.3808804150976201
 2.48 0.4132747816945467 0.2066373908472731 0.3800878274581801
 2.489999999999999 0.4138021356169156 0.206901067808458 0.3792967965746263
 2.5 0.4143284524256987 0.2071642262128497 0.3785073213614515
 2.509999999999999 0.4148537328512219 0.2074268664256112 0.377719400723167
 2.52 0.4153779776304634 0.2076889888152319 0.3769330335543047
 2.529999999999999 0.4159011875070275 0.2079505937535137 0.3761482187394587
 2.54 0.4164233632311252 0.2082116816155618 0.375364955153313
 2.549999999999999 0.4169445055595584 0.2084722527797796 0.374583241660662
 2.56 0.4174646152557034 0.2087323076278522 0.3738030771164443
 2.569999999999999 0.4179836930894909 0.2089918465447461 0.373024460365763
 2.579999999999999 0.4185017398373835 0.2092508699186918 0.3722473902439246
 2.589999999999999 0.4190187562823598 0.2095093781411801 0.3714718655764601
 2.599999999999999 0.4195347432138954 0.2097673716069476 0.370697885179157
 2.609999999999999 0.4200497014279448 0.2100248507139721 0.3699254478580832
 2.619999999999999 0.4205636317269167 0.2102818158634577 0.3691545524096256
 2.629999999999999 0.4210765349196618 0.2105382674598297 0.3683851976205085
 2.639999999999999 0.4215884118214472 0.2107942059107232 0.3676173822678296
 2.649999999999999 0.4220992632539409 0.2110496316269713 0.3668511051190879
 2.659999999999999 0.4226090900451906 0.2113045450225953 0.366086364932214
 2.669999999999999 0.4231178930295991 0.2115589465147995 0.3653231604556014
 2.679999999999999 0.4236256730479088 0.2118128365239543 0.3645614904281369
 2.69 0.4241324309471842 0.2120662154735918 0.3638013535792239
 2.699999999999999 0.4246381675807798 0.2123190837903897 0.3630427486288306
 2.71 0.425142883808331 0.2125714419041658 0.3622856742875031
 2.719999999999999 0.4256465804957282 0.2128232902478629 0.3615301292564089
 2.73 0.4261492585150935 0.2130746292575464 0.3607761122273601
 2.739999999999999 0.426650918744767 0.2133254593723846 0.3600236218828485
 2.75 0.4271515620692737 0.2135757810346367 0.3592726568960896
 2.759999999999999 0.4276511893793098 0.213825594689654 0.3585232159310363
 2.77 0.4281498015717183 0.2140749007858591 0.3577752976424226
 2.779999999999999 0.428647399549471 0.214323699774736 0.357028900675793
 2.789999999999999 0.429143984221638 0.2145719921108195 0.3562840236675425
 2.799999999999999 0.4296395565033701 0.214819778251685 0.3555406652449449
 2.809999999999999 0.4301341173158806 0.2150670586579402 0.3547988240261792
 2.819999999999999 0.4306276675864073 0.2153138337932043 0.3540584986203884
 2.829999999999999 0.4311202082482096 0.2155601041241043 0.3533196876276862
 2.839999999999999 0.4316117402405322 0.2158058701202665 0.3525823896392014
 2.849999999999999 0.432102264508582 0.2160511322542909 0.3518466032371271
 2.859999999999999 0.4325917820035083 0.216295891001755 0.3511123269947367
 2.869999999999999 0.4330802936823738 0.2165401468411872 0.3503795594764391
 2.879999999999999 0.4335678005081428 0.2167839002540711 0.3496482992377861
 2.889999999999999 0.4340543034496411 0.2170271517248199 0.348918544825539
 2.899999999999999 0.4345398034815381 0.2172699017407682 0.3481902947776937
 2.909999999999999 0.4350243015843258 0.2175121507921636 0.3474635476235106
 2.919999999999999 0.4355077987442942 0.2177538993721479 0.3467383018835579
 2.929999999999999 0.4359902959534968 0.2179951479767481 0.3460145560697551
 2.94 0.4364717942097307 0.2182358971048662 0.3452923086854032
 2.949999999999999 0.4369522945165179 0.2184761472582582 0.3445715582252239
 2.96 0.4374317978830662 0.2187158989415334 0.3438523031754004
 2.969999999999999 0.437910305324258 0.2189551526621288 0.3431345420136133
 2.98 0.4383878178606131 0.219193908930308 0.3424182732090789
 2.989999999999999 0.4388643365182678 0.2194321682591331 0.341703495222599
 2.999999999999999 0.4393398623289441 0.2196699311644724 0.3409902065065835
 3.009999999999999 0.4398143963299299 0.2199071981649656 0.3402784055051045
 3.019999999999999 0.4402879395640478 0.2201439697820251 0.3395680906539271
 3.029999999999999 0.4407604930796291 0.2203802465398147 0.3388592603805561
 3.039999999999999 0.4412320579304844 0.2206160289652418 0.3381519131042738
 3.049999999999999 0.4417026351758761 0.2208513175879376 0.3374460472361863
 3.059999999999999 0.4421722258804981 0.2210861129402489 0.3367416611792531
 3.069999999999999 0.4426408311144421 0.2213204155572211 0.3360387533283369
 3.079999999999999 0.4431084519531682 0.2215542259765841 0.3353373220702477
 3.089999999999999 0.4435750894774817 0.2217875447387404 0.3346373657837779
 3.099999999999999 0.4440407447735006 0.2220203723867505 0.3339388828397488
 3.109999999999999 0.4445054189326321 0.2222527094663171 0.3332418716010509
 3.119999999999999 0.4449691130515347 0.2224845565257669 0.3325463304226983
 3.129999999999999 0.4454318282321042 0.2227159141160523 0.3318522576518436
 3.139999999999999 0.4458935655814316 0.2229467827907168 0.3311596516278517
 3.149999999999999 0.4463543262117783 0.2231771631058909 0.3304685106823307
 3.159999999999999 0.4468141112405526 0.2234070556202768 0.3297788331391707
 3.169999999999999 0.4472729217902692 0.2236364608951344 0.3290906173145963
 3.179999999999999 0.4477307589885264 0.2238653794942628 0.3284038615172108
 3.19 0.4481876239679826 0.2240938119839899 0.3277185640480276
 3.199999999999999 0.448643517866308 0.2243217589331547 0.3270347232005373
 3.209999999999999 0.449098441826178 0.2245492209130888 0.3263523372607332
 3.219999999999999 0.4495523969952248 0.224776198497612 0.3256714045071633
 3.229999999999999 0.450005384526011 0.225002692263005 0.324991923210984
 3.239999999999999 0.4504574055760108 0.2252287027880042 0.3243138916359849
 3.249999999999999 0.4509084613075597 0.2254542306537808 0.3236373080386595
 3.259999999999999 0.4513585528878431 0.2256792764439224 0.3229621706682345
 3.269999999999999 0.4518076814888514 0.2259038407444263 0.3222884777667223
 3.279999999999999 0.4522558482873565 0.2261279241436776 0.3216162275689658
 3.289999999999999 0.4527030544648775 0.2263515272324377 0.3209454183026847
 3.299999999999999 0.4531493012076493 0.2265746506038242 0.3202760481885265
 3.309999999999999 0.4535945897065961 0.2267972948532977 0.3196081154401063
 3.319999999999999 0.4540389211572934 0.2270194605786472 0.3189416182640594
 3.329999999999999 0.4544822967599433 0.2272411483799713 0.3182765548600854
 3.339999999999999 0.4549247177193257 0.2274623588596626 0.3176129234210118
 3.349999999999999 0.4553661852447986 0.2276830926223985 0.316950722132803
 3.359999999999999 0.4558067005502281 0.2279033502751144 0.3162899491746576
 3.369999999999999 0.4562462648539893 0.2281231324269947 0.315630602719016
 3.379999999999999 0.4566848793789113 0.2283424396894554 0.3149726809316332
 3.389999999999999 0.4571225453522565 0.2285612726761275 0.314316181971616
 3.399999999999999 0.4575592640056843 0.2287796320028419 0.3136611039914738
 3.409999999999999 0.4579950365752209 0.2289975182876103 0.3130074451371687
 3.419999999999999 0.4584298643012237 0.2292149321506117 0.3123552035481646
 3.429999999999999 0.458863748428345 0.229431874214173 0.311704377357482
 3.439999999999999 0.4592966902055151 0.2296483451027576 0.3110549646917273
 3.449999999999999 0.4597286908858891 0.2298643454429452 0.3104069636711657
 3.459999999999999 0.4601597517268292 0.2300798758634153 0.3097603724097555
 3.469999999999999 0.4605898739898593 0.2302949369949291 0.3091151890152116
 3.479999999999999 0.461019058940643 0.2305095294703205 0.3084714115890365
 3.489999999999999 0.4614473078489456 0.2307236539244724 0.307829038226582
 3.499999999999999 0.461874621988598 0.230937310994298 0.3071880670171041
 3.509999999999999 0.4623010026374673 0.2311505013187335 0.3065484960437993
 3.519999999999999 0.4627264510774259 0.2313632255387122 0.3059103233838619
 3.529999999999999 0.4631509685943049 0.2315754842971509 0.3052735471085442
 3.539999999999999 0.4635745564778769 0.2317872782389383 0.3046381652831849
 3.549999999999999 0.4639972160218156 0.2319986080109087 0.3040041759672757
 3.559999999999999 0.4644189485236573 0.2322094742618284 0.3033715772145142
 3.569999999999999 0.4648397552847749 0.2324198776423878 0.3027403670728372
 3.579999999999999 0.465259637610339 0.2326298188051692 0.3021105435844917
 3.589999999999999 0.4656785968092837 0.2328392984046422 0.3014821047860741
 3.599999999999999 0.4660966341942806 0.2330483170971413 0.3008550487085781
 3.609999999999999 0.4665137510816927 0.2332568755408465 0.3002293733774607
 3.619999999999999 0.4669299487915469 0.2334649743957728 0.2996050768126803
 3.629999999999999 0.4673452286475024 0.2336726143237507 0.2989821570287469
 3.639999999999999 0.4677595919768108 0.2338797959884042 0.2983606120347849
 3.649999999999999 0.4681730401102885 0.2340865200551454 0.2977404398345661
 3.659999999999999 0.4685855743822752 0.2342927871911379 0.2971216384265868
 3.669999999999999 0.4689971961306031 0.2344985980653022 0.2965042058040946
 3.679999999999999 0.4694079066965643 0.2347039533482829 0.2958881399551527
 3.689999999999999 0.4698177074248771 0.2349088537124392 0.2952734388626838
 3.699999999999999 0.4702265996636431 0.2351132998318217 0.2946601005045353
 3.709999999999999 0.4706345847643266 0.2353172923821636 0.2940481228535099
 3.719999999999999 0.4710416640817063 0.2355208320408529 0.2934375038774408
 3.729999999999999 0.4714478389738523 0.2357239194869269 0.2928282415392208
 3.739999999999999 0.4718531108020868 0.2359265554010438 0.2922203337968694
 3.749999999999999 0.4722574809309465 0.2361287404654739 0.2916137786035795
 3.759999999999999 0.4726609507281542 0.2363304753640786 0.2910085739077671
 3.769999999999999 0.4730635215645843 0.2365317607822925 0.2904047176531231
 3.779999999999999 0.4734651948142209 0.2367325974071116 0.2898022077786674
 3.789999999999999 0.4738659718541292 0.2369329859270653 0.2892010422188055
 3.799999999999999 0.4742658540644252 0.237132927032213 0.2886012189033618
 3.809999999999999 0.4746648428282296 0.2373324214141157 0.2880027357576547
 3.819999999999999 0.4750629395316484 0.237531469765824 0.2874055907025277
 3.829999999999999 0.4754601455637184 0.23773007278186 0.2868097816544216
 3.839999999999999 0.4758564623163978 0.2379282311581991 0.2862153065254031
 3.849999999999999 0.4762518911845107 0.2381259455922547 0.2856221632232346
 3.859999999999999 0.4766464335657223 0.2383232167828607 0.2850303496514169
 3.869999999999999 0.4770400908605061 0.2385200454302531 0.2844398637092408
 3.879999999999999 0.4774328644721026 0.238716432236051 0.2838507032918464
 3.889999999999999 0.477824755806489 0.2389123779032446 0.2832628662902664
 3.899999999999999 0.4782157662723513 0.2391078831361767 0.282676350591472
 3.909999999999999 0.4786058972810355 0.2393029486405159 0.2820911540784486
 3.919999999999999 0.4789951502465227 0.2394975751232618 0.2815072746302156
 3.929999999999999 0.4793835265854022 0.2396917632927004 0.2809247101218973
 3.939999999999999 0.4797710277168205 0.2398855138584108 0.2803434584247686
 3.949999999999999 0.4801576550624578 0.2400788275312283 0.2797635174063139
 3.959999999999999 0.4805434100464919 0.240271705023245 0.2791848849302631
 3.969999999999999 0.4809282940955654 0.2404641470477832 0.2786075588566514
 3.979999999999999 0.481312308638751 0.2406561543193758 0.2780315370418732
 3.989999999999999 0.4816954551075109 0.2408477275537551 0.2774568173387341
 3.999999999999999 0.4820777349356773 0.2410388674678387 0.276883397596484
 4.01 0.4824591495594057 0.2412295747797015 0.2763112756608928
 4.02 0.4828397004171455 0.2414198502085748 0.2757404493742798
 4.029999999999999 0.4832193889496079 0.2416096944748036 0.2751709165755885
 4.039999999999999 0.4835982165997305 0.2417991082998643 0.2746026751004053
 4.049999999999999 0.4839761848126403 0.2419880924063215 0.2740357227810383
 4.06 0.4843532950356333 0.2421766475178175 0.2734700574465492
 4.069999999999999 0.484729548718118 0.2423647743590591 0.2729056769228229
 4.079999999999999 0.485104947311607 0.2425524736558026 0.2723425790325903
 4.089999999999999 0.4854794922696659 0.2427397461348343 0.2717807615954998
 4.099999999999999 0.4858531850478903 0.2429265925239445 0.2712202224281651
 4.109999999999999 0.4862260271038605 0.2431130135519291 0.2706609593442104
 4.119999999999999 0.4865980198971243 0.2432990099485607 0.2701029701543151
 4.129999999999999 0.4869691648891528 0.243484582444577 0.2695462526662702
 4.139999999999999 0.4873394635433071 0.243669731771654 0.2689908046850389
 4.149999999999999 0.4877089173248153 0.2438544586624077 0.2684366240127771
 4.159999999999999 0.4880775277007299 0.2440387638503637 0.2678837084489065
 4.169999999999999 0.4884452961398917 0.2442226480699441 0.2673320557901642
 4.179999999999999 0.4888122241129153 0.2444061120564588 0.266781663830626
 4.19 0.4891783130921348 0.2445891565460668 0.2662325303617984
 4.199999999999999 0.4895435645515847 0.2447717822757915 0.2656846531726239
 4.209999999999999 0.4899079799669615 0.2449539899834808 0.2651380300495578
 4.219999999999999 0.4902715608155997 0.2451357804078003 0.2645926587766
 4.23 0.4906343085764258 0.2453171542882123 0.264048537135362
 4.239999999999999 0.4909962247299346 0.2454981123649669 0.2635056629050985
 4.249999999999999 0.4913573107581635 0.2456786553790809 0.2629640338627556
 4.259999999999999 0.491717568144645 0.2458587840723209 0.2624236477830342
 4.27 0.4920769983743834 0.2460384991871916 0.261884502438425
 4.279999999999999 0.4924356029338304 0.2462178014669154 0.2613465955992543
 4.289999999999999 0.4927933833108361 0.246396691655418 0.260809925033746
 4.299999999999999 0.4931503409946279 0.2465751704973138 0.2602744885080583
 4.309999999999999 0.4935064774757838 0.2467532387378906 0.2597402837863256
 4.319999999999999 0.4938617942461885 0.2469308971230953 0.2592073086307162
 4.329999999999999 0.4942162927990171 0.2471081463995083 0.2586755608014747
 4.339999999999999 0.4945699746286812 0.24728498731434 0.2581450380569789
 4.349999999999999 0.4949228412308251 0.2474614206154126 0.2576157381537623
 4.359999999999999 0.4952748941022735 0.2476374470511362 0.2570876588465902
 4.369999999999999 0.4956261347410137 0.2478130673705064 0.2565607978884799
 4.379999999999999 0.4959765646461574 0.2479882823230783 0.2560351530307643
 4.389999999999999 0.4963261853179123 0.2481630926589577 0.25551072202313
 4.399999999999999 0.4966749982575493 0.2483374991287731 0.2549875026136775
 4.409999999999999 0.4970230049673822 0.2485115024836899 0.2544654925489279
 4.419999999999999 0.4973702069507172 0.2486851034753578 0.2539446895739251
 4.429999999999999 0.4977166057118471 0.2488583028559229 0.25342509143223
 4.44 0.4980622027560014 0.2490311013780007 0.252906695865998
 4.449999999999999 0.4984069995893289 0.2492034997946648 0.2523895006160063
 4.459999999999999 0.4987509977188547 0.2493754988594273 0.251873503421718
 4.469999999999999 0.4990941986524703 0.2495470993262347 0.251358702021295
 4.48 0.499436603898883 0.2497183019494401 0.2508450941516769
 4.489999999999999 0.499778214967597 0.2498891074837977 0.2503326775486053
 4.499999999999999 0.5001190333688891 0.2500595166844438 0.2498214499466672
 4.509999999999999 0.5004590606137692 0.2502295303068838 0.249311409079347
 4.519999999999999 0.5007982982139474 0.2503991491069727 0.2488025526790799
 4.529999999999999 0.5011367476818231 0.2505683738409125 0.2482948784772644
 4.539999999999999 0.5014744105304433 0.2507372052652201 0.2477883842043366
 4.549999999999999 0.5018112882734721 0.2509056441367361 0.2472830675897918
 4.559999999999999 0.5021473824251718 0.2510736912125861 0.2467789263622421
 4.569999999999999 0.5024826945003623 0.2512413472501816 0.2462759582494561
 4.579999999999999 0.5028172260144027 0.2514086130072007 0.2457741609783966
 4.589999999999999 0.5031509784831583 0.25157548924158 0.2452735322752617
 4.599999999999999 0.5034839534229772 0.2517419767114877 0.244774069865535
 4.609999999999999 0.5038161523506499 0.2519080761753245 0.2442757714740256
 4.619999999999999 0.5041475767834007 0.2520737883917014 0.2437786348248979
 4.629999999999999 0.5044782282388471 0.2522391141194228 0.24328265764173
 4.639999999999999 0.5048081082349635 0.252404054117483 0.2427878376475536
 4.649999999999999 0.5051372182900838 0.2525686091450429 0.2422941725648732
 4.659999999999999 0.505465559922838 0.2527327799614207 0.2418016601157413
 4.669999999999999 0.5057931346521557 0.2528965673260776 0.2413102980217667
 4.679999999999999 0.5061199439972146 0.2530599719986051 0.2408200840041803
 4.69 0.5064459894774296 0.2532229947387143 0.2403310157838561
 4.699999999999999 0.5067712726124232 0.2533856363062126 0.2398430910813643
 4.709999999999999 0.5070957949219916 0.2535478974609963 0.2393563076170121
 4.719999999999999 0.5074195579260878 0.253709778963043 0.2388706631108691
 4.729999999999999 0.507742563144789 0.253871281572394 0.238386155282817
 4.739999999999999 0.5080648120982707 0.2540324060491351 0.2379027818525942
 4.749999999999999 0.5083863063067842 0.2541931531533902 0.2374205405398256
 4.759999999999999 0.5087070472906261 0.2543535236453126 0.2369394290640613
 4.769999999999999 0.5090270365701187 0.2545135182850588 0.2364594451448225
 4.779999999999999 0.509346275665578 0.254673137832789 0.235980586501633
 4.789999999999999 0.5096647660972896 0.2548323830486444 0.235502850854066
 4.799999999999999 0.5099825093854894 0.254991254692745 0.2350262359217656
 4.809999999999999 0.5102995070503274 0.2551497535251638 0.2345507394245087
 4.819999999999999 0.5106157606118518 0.2553078803059253 0.2340763590822229
 4.829999999999999 0.5109312715899825 0.2554656357949916 0.2336030926150259
 4.839999999999999 0.5112460415044836 0.2556230207522416 0.2331309377432748
 4.849999999999999 0.5115600718749376 0.2557800359374691 0.2326598921875933
 4.859999999999999 0.5118733642207263 0.2559366821103616 0.2321899536689121
 4.869999999999999 0.5121859200610035 0.2560929600305034 0.2317211199084931
 4.879999999999999 0.512497740914669 0.2562488704573365 0.2312533886279944
 4.889999999999999 0.512808828300351 0.2564044141501782 0.2307867575494708
 4.899999999999999 0.5131191837363693 0.2565595918681842 0.2303212243954464
 4.909999999999999 0.5134288087407239 0.2567144043703623 0.2298567868889138
 4.919999999999999 0.5137377048310675 0.2568688524155343 0.2293934427533982
 4.929999999999999 0.5140458735246854 0.2570229367623436 0.2289311897129709
 4.939999999999999 0.5143533163384626 0.2571766581692302 0.2284700254923072
 4.949999999999999 0.5146600347888683 0.2573300173944333 0.2280099478166984
 4.959999999999999 0.5149660303919344 0.2574830151959669 0.2275509544120987
 4.969999999999999 0.5152713046632226 0.2576356523316113 0.2270930430051661
 4.979999999999999 0.5155758591178128 0.2577879295589073 0.2266362113232799
 4.989999999999999 0.5158796952702787 0.2579398476351395 0.2261804570945818
 4.999999999999999 0.5161828146346585 0.2580914073173293 0.2257257780480122
 5.009999999999999 0.5164852187244383 0.2582426093622189 0.2252721719133428
 5.019999999999999 0.5167869090525263 0.2583934545262636 0.2248196364212101
 5.029999999999999 0.5170878871312389 0.2585439435656194 0.2243681693031417
 5.039999999999999 0.5173881544722655 0.2586940772361337 0.2239177682916008
 5.049999999999999 0.517687712586659 0.258843856293329 0.223468431120012
 5.059999999999999 0.5179865629848126 0.2589932814924063 0.2230201555227811
 5.069999999999999 0.5182847071764288 0.2591423535882137 0.2225729392353575
 5.079999999999999 0.5185821466705032 0.2592910733352517 0.2221267799942451
 5.089999999999999 0.5188788829753141 0.2594394414876571 0.2216816755370288
 5.099999999999999 0.5191749175983849 0.2595874587991926 0.2212376236024225
 5.109999999999999 0.5194702520464747 0.2597351260232376 0.2207946219302878
 5.119999999999999 0.519764887825553 0.2598824439127754 0.2203526682616716
 5.129999999999999 0.5200588264407741 0.2600294132203889 0.2199117603388371
 5.139999999999999 0.5203520693964717 0.2601760346982355 0.2194718959052928
 5.149999999999999 0.5206446181961235 0.260322309098061 0.2190330727058155
 5.159999999999999 0.5209364743423366 0.260468237171167 0.2185952884864964
 5.169999999999999 0.5212276393368336 0.2606138196684169 0.2181585409947495
 5.179999999999999 0.5215181146804222 0.2607590573402098 0.217722827979368
 5.189999999999999 0.5218079018729835 0.26090395093649 0.2172881471905265
 5.199999999999999 0.5220970024134434 0.2610485012067214 0.2168544963798353
 5.209999999999999 0.5223854177997707 0.2611927088998848 0.2164218733003446
 5.219999999999999 0.5226731495289373 0.2613365747644688 0.215990275706594
 5.229999999999999 0.5229601990969135 0.2614800995484557 0.2155597013546308
 5.239999999999999 0.5232465679986429 0.2616232839993211 0.215130148002036
 5.249999999999999 0.5235322577280251 0.2617661288640129 0.214701613407962
 5.259999999999999 0.5238172697778941 0.2619086348889476 0.2142740953331583
 5.269999999999999 0.524101605640008 0.2620508028200038 0.2138475915399883
 5.279999999999999 0.5243852668050247 0.2621926334025113 0.213422099792464
 5.289999999999999 0.5246682547624765 0.2623341273812375 0.2129976178562861
 5.299999999999999 0.5249505710007717 0.2624752855003861 0.2125741434988422
 5.309999999999999 0.5252322170071595 0.2626161085035792 0.2121516744892613
 5.319999999999999 0.5255131942677148 0.2627565971338577 0.2117302085984275
 5.329999999999999 0.5257935042673312 0.2628967521336656 0.2113097435990032
 5.339999999999999 0.5260731484896861 0.2630365742448418 0.2108902772654721
 5.349999999999999 0.5263521284172469 0.2631760642086218 0.2104718073741313
 5.359999999999999 0.5266304455312226 0.2633152227656127 0.2100543317031647
 5.369999999999999 0.5269081013115844 0.2634540506557932 0.2096378480326224
 5.379999999999999 0.5271850972370117 0.2635925486185058 0.2092223541444825
 5.389999999999999 0.5274614347849058 0.2637307173924548 0.2088078478226393
 5.399999999999999 0.5277371154313504 0.2638685577156762 0.2083943268529734
 5.409999999999999 0.528012140651112 0.2640060703255568 0.2079817890233312
 5.419999999999999 0.5282865119176097 0.264143255958803 0.2075702321235873
 5.429999999999999 0.5285602307029117 0.2642801153514563 0.207159653945632
 5.439999999999999 0.5288332984777128 0.2644166492388565 0.2067500522834307
 5.449999999999999 0.5291057167113166 0.2645528583556562 0.2063414249330272
 5.459999999999999 0.529377486871621 0.2646887434358094 0.2059337696925695
 5.469999999999999 0.5296486104251145 0.2648243052125565 0.2055270843623291
 5.479999999999999 0.5299190888368345 0.2649595444184153 0.2051213667447502
 5.489999999999999 0.5301889235703798 0.2650944617851907 0.2047166146444295
 5.499999999999999 0.5304581160878781 0.2652290580439398 0.2043128258681821
 5.509999999999999 0.5307266678499813 0.2653633339249913 0.2039099982250274
 5.519999999999999 0.5309945803158374 0.2654972901579197 0.203508129526243
 5.529999999999999 0.5312618549430925 0.2656309274715462 0.2031072175853613
 5.539999999999999 0.5315284931878617 0.2657642465939295 0.2027072602182088
 5.549999999999999 0.5317944965047195 0.2658972482523602 0.2023082552429202
 5.559999999999999 0.5320598663466993 0.2660299331733507 0.20191020047995
