# Created by Octave 4.0.3, Wed Jul 26 09:24:30 2017 CEST <timo@timo-Lenovo-ideapad-100-14IBY>
# name: v0
# type: matrix
# rows: 36
# columns: 1
 -0.05109299143123575
 -0.1290449104243645
 -3.900137317686485e-17
 -4.474892562310957e-17
 0.1290449104243644
 0.2454785466531845
 -0.1290449104243644
 4.277177570455315e-17
 0.1290449104243646
 0.1290449104243647
 0.4909570933063689
 0.1290449104243644
 2.760586306804313e-17
 0.1290449104243646
 0.05109299143123568
 0.2454785466531846
 0.1290449104243648
 -2.916706003510459e-17
 2.729350467411956e-17
 0.1290449104243647
 0.2454785466531846
 0.05109299143123567
 0.1290449104243648
 -2.9059735172205e-17
 0.1290449104243644
 0.4909570933063694
 0.1290449104243647
 0.1290449104243648
 -1.615461237003402e-17
 -0.1290449104243646
 0.2454785466531848
 0.1290449104243646
 6.317526474389026e-17
 1.267902291781947e-16
 -0.1290449104243646
 -0.0510929914312353


