# Created by Octave 4.0.3, Wed Jul 26 09:24:31 2017 CEST <timo@timo-Lenovo-ideapad-100-14IBY>
# name: eigU
# type: matrix
# rows: 10
# columns: 5
 1 -3.340847617248346 -3.292951380696178 -2.863876339069603 -2.785260864829656
 2 -2.828427124746194 -2.685846165554337 -1.999999999999996 -1.62721300529666
 3 -2.424428900898056 -2.191482503428726 -1.42442890089805 -1.000000000000002
 4 -2.102748483462071 -1.80642385182311 -1.068140393445459 -0.8284271247461907
 5 -1.844288770224764 -1.51360250437893 -0.8442887702247619 -0.7015621187164278
 6 -1.634603054907387 -1.291502622129182 -0.6956043512543976 -0.6055512754639928
 7 -1.462698992338867 -1.121078220293853 -0.5909691656856219 -0.5311288741492813
 8 -1.32023495827192 -0.9879184148698696 -0.5136762553783059 -0.4721359549995874
 9 -1.200892411814283 -0.8818106518440556 -0.4543347554617307 -0.4244289008980575
 10 -1.099877772749749 -0.7956544868725302 -0.4073595056451704 -0.3851648071345098


