# Created by Octave 4.0.3, Wed Aug 02 23:06:53 2017 CEST <timo@timo-Lenovo-ideapad-100-14IBY>
# name: gzdiff
# type: matrix
# rows: 1000
# columns: 3
 0.1 0.0006094627940789188 -3.925394535970173
 0.2 0.002376439279170306 -3.851593815274966
 0.3 0.005210572562742488 -3.778621370707776
 0.4 0.009024007149059265 -3.706500701181618
 0.5 0.01373154100107854 -3.635255180766897
 0.6 0.01925073817820966 -3.564907961097917
 0.7000000000000001 0.02550201072533742 -3.495481867633439
 0.8 0.03240867726443941 -3.426999290420198
 0.9 0.03989700449006461 -3.359482070177986
 1 0.04789623655216868 -3.292951380696178
 1.1 0.05633861616470925 -3.227427608698683
 1.2 0.06515940023407518 -3.162930232491045
 1.3 0.07429687187187506 -3.099477700844164
 1.4 0.08369234985323892 -3.037087313685686
 1.5 0.0932901959050314 -2.975775106257514
 1.6 0.1030378196603317 -2.915555738448843
 1.7 0.1128856806903107 -2.856442391024305
 1.8 0.1227872867190838 -2.798446670431921
 1.9 0.1326991869314571 -2.741578523793918
 2 0.1425809591918568 -2.685846165554337
 2.1 0.1523951899920362 -2.631256017082983
 2.2 0.1621074460260346 -2.577812660319575
 2.3 0.1716862364393297 -2.525518806290918
 2.4 0.1811029650024016 -2.474375279055288
 2.5 0.1903318717016798 -2.424381015331833
 2.6 0.1993499635099898 -2.375533079767724
 2.7 0.2081369343787989 -2.327826695494199
 2.8 0.2166750747723278 -2.28125528933359
 2.9 0.2249491713283636 -2.235810550753401
 3 0.2329463974693291 -2.191482503428722
 3.1 0.2406561959937186 -2.148259588077504
 3.2 0.2480701548446804 -2.106128755079499
 3.3 0.2551818773761525 -2.065075565281395
 3.4 0.2619868485157069 -2.025084297329142
 3.5 0.2684822982578576 -1.986138059851522
 3.6 0.2746670639142434 -1.948218906844881
 3.7 0.2805414525022558 -1.911307954671524
 3.8 0.2861071045761465 -1.875385499180199
 3.9 0.2913668607001783 -1.840431131577804
 4 0.2963246316389612 -1.80642385182311
 4.1 0.3009852732012892 -1.773342178466784
 4.2 0.3053544665263781 -1.741164254024122
 4.3 0.3094386044525248 -1.70986794512928
 4.399999999999999 0.313244684460082 -1.679430936880073
 4.5 0.3167802085392022 -1.649830820935103
 4.6 0.3200530902010366 -1.621045177067476
 4.7 0.3230715687300794 -1.593051648009332
 4.8 0.3258441306681097 -1.565828007537428
 4.9 0.3283794384266343 -1.539352221850977
 5 0.3306862658458336 -1.51360250437893
 5.1 0.3327734404524547 -1.488557364225102
 5.2 0.3346497921181502 -1.464195648516563
 5.3 0.3363241077796875 -1.440496578964778
 5.4 0.3378050918552897 -1.417439782980989
 5.5 0.3391013319732097 -1.395005319708754
 5.6 0.3402212696199574 -1.373173701348752
 5.7 0.3411731753139187 -1.351925910154997
 5.8 0.3419651279151299 -1.331243411479602
 5.9 0.3426049976918539 -1.31110816323478
 6 0.3431004327782048 -1.291502622129182
 6.1 0.3434588486747159 -1.272409747019847
 6.2 0.3436874204620592 -1.253812999703239
 6.3 0.3437930774193372 -1.235696343449418
 6.4 0.3437824997594394 -1.218044239562635
 6.5 0.3436621172160284 -1.200841642230867
 6.6 0.3434381092377436 -1.184073991905417
 6.7 0.3431164065671588 -1.167727207431544
 6.8 0.3427026940016304 -1.15178767713038
 6.9 0.3422024141535007 -1.136242249013598
 7 0.341620772045014 -1.121078220293853
 7.1 0.3409627403908011 -1.10628332633676
 7.2 0.340233065437336 -1.091845729184099
 7.3 0.3394362732430214 -1.077754005763227
 7.4 0.3385766762971152 -1.063997135883549
 7.5 0.3376583803875883 -1.050564490108771
 7.6 0.3366852916398719 -1.037445817581794
 7.7 0.3356611236589573 -1.024631233868737
 7.8 0.3345894047160478 -1.012111208879472
 7.9 0.3334734849301496 -0.9998765549131491
 8 0.3323165434020503 -0.9879184148698696
 8.1 0.3311215952647498 -0.9762282506627974
 8.199999999999999 0.3298914986207099 -0.9647978318591076
 8.300000000000001 0.3286289613413628 -0.9536192245726013
 8.4 0.3273365477088366 -0.9426847806264105
 8.5 0.3260166848840612 -0.9319871269998224
 8.6 0.3246716691889863 -0.9215191555699392
 8.699999999999999 0.32330367219362 -0.9112740131554435
 8.800000000000001 0.3219147466011405 -0.9012450918672725
 8.9 0.3205068319270966 -0.8914260197685419
 9 0.3190817599702274 -0.8818106518440556
 9.1 0.3176412600740194 -0.8723930612780942
 9.199999999999999 0.3161869641803247 -0.8631675310376915
 9.300000000000001 0.3147204116764115 -0.8541285457572743
 9.4 0.3132430540386474 -0.8452707839199248
 9.5 0.3117562592769243 -0.8365891103290524
 9.6 0.3102613161833467 -0.8280785688644305
 9.700000000000001 0.3087594383912927 -0.8197343755151433
 9.800000000000001 0.3072517682490901 -0.8115519116823027
 9.9 0.3057393805147171 -0.8035267177437262
 10 0.3042232858772191 -0.7956544868725302
 10.1 0.3027044343105724 -0.787931059101843
 10.2 0.3011837182667277 -0.7803524156270362
 10.3 0.2996619757132821 -0.7729146733378456
 10.4 0.2981399930224083 -0.7656140795718506
 10.5 0.2966185077170364 -0.758447007081506
 10.6 0.295098211080151 -0.7514099492066537
 10.7 0.2935797506331604 -0.744499515244884
 10.8 0.2920637324892416 -0.73771242601188
 10.9 0.2905507235870017 -0.7310455095845805
 11 0.289041253810282 -0.7244956972195669
 11.1 0.2875358179991736 -0.7180600194399247
 11.2 0.2860348778571331 -0.7117356022835328
 11.3 0.2845388637598472 -0.7055196637061842
 11.4 0.2830481764699848 -0.6994095101331368
 11.5 0.2815631887624598 -0.6934025331529412
 11.6 0.2800842469650017 -0.6874962063474724
 11.7 0.2786116724177824 -0.681688082252525
 11.8 0.2771457628565694 -0.6759757894432374
 11.9 0.2756867937229188 -0.670357029739298
 12 0.2742350194052388 -0.6648295755245388
 12.1 0.2727906744142499 -0.6593912671762564
 12.2 0.2713539744962015 -0.6540400105992313
 12.3 0.2699251176870086 -0.6487737748603114
 12.4 0.2685042853105306 -0.6435905899188193
 12.5 0.2670916429234053 -0.6384885444490674
 12.6 0.2656873412101445 -0.6334657837505221
 12.7 0.2642915168297436 -0.6285205077422975
 12.8 0.2629042932178495 -0.6236509690379582
 12.9 0.2615257813454807 -0.6188554710974288
 13 0.2601560804376492 -0.6141323664524069
 13.1 0.2587952786530555 -0.6094800550024705
 13.2 0.2574434537278411 -0.6048969823783308
 13.3 0.2561006735844533 -0.6003816383699272
 13.4 0.2547669969080865 -0.5959325554160256
 13.5 0.2534424736920039 -0.5915483071530949
 13.6 0.2521271457537956 -0.5872275070205684
 13.7 0.2508210472234925 -0.5829688069204595
 13.8 0.2495242050059508 -0.5787708959286219
 13.9 0.2482366392177467 -0.5746324990557971
 14 0.2469583636011355 -0.5705523760560356
 14.1 0.2456893859150826 -0.5665293202807197
 14.2 0.244429708305673 -0.5625621575761403
 14.3 0.2431793276562876 -0.5586497452228024
 14.4 0.2419382359189164 -0.5547909709147543
 14.5 0.2407064204273546 -0.5509847517771342
 14.6 0.2394838641938635 -0.5472300334205805
 14.7 0.2382705461892045 -0.5435257890307476
 14.8 0.2370664416078628 -0.539871018491467
 14.9 0.2358715221187402 -0.5362647475404225
 15 0.2346857561021493 -0.532706026955593
 15.1 0.2335091088738365 -0.5291939317717033
 15.2 0.2323415428970473 -0.5257275605248756
 15.3 0.2311830179827007 -0.5223060345248338
 15.4 0.2300334914786838 -0.5189284971532659
 15.5 0.2288929184488611 -0.5155941131874392
 15.6 0.2277612518420463 -0.5123020681477612
 15.7 0.226638442651954 -0.5090515676688053
 15.8 0.2255244400680001 -0.5058418368924021
 15.9 0.2244191916179217 -0.502672119882091
 16 0.2233226433025193 -0.4995416790582967
 16.1 0.2222347397227138 -0.4964497946529576
 16.2 0.221155424199739 -0.4933957641832756
 16.3 0.2200846388884856 -0.4903789019434981
 16.4 0.2190223248844557 -0.4873985385143484
 16.5 0.2179684223246261 -0.4844540202892277
 16.6 0.2169228704829439 -0.4815447090163089
 16.7 0.2158856078598136 -0.4786699813565353
 16.8 0.2148565722670809 -0.475829228456305
 16.9 0.2138357009077815 -0.473021855534582
 17 0.2128229304513506 -0.4702472814837482
 17.1 0.2118181971044868 -0.4675049384839438
 17.2 0.2108214366780955 -0.4647942716298055
 17.3 0.2098325846498965 -0.4621147385699732
 17.4 0.2088515762236985 -0.4594658091580792
 17.5 0.2078783463851304 -0.4568469651153009
 17.6 0.2069128299538227 -0.4542576997037815
