# Created by Octave 4.0.3, Thu Jun 29 20:28:28 2017 CEST <timo@timo-Lenovo-ideapad-100-14IBY>
# name: gzv
# type: matrix
# rows: 250
# columns: 4
 0.1 0.2577724720485443 0.1288862360243508 0.6133412919271048
 0.2 0.2654613421957223 0.1327306710978655 0.6018079867064122
 0.3 0.2730619457117771 0.1365309728558954 0.5904070814323275
 0.4 0.2805703951881923 0.1402851975940929 0.5791444072177148
 0.5 0.2879834705712528 0.1439917352856286 0.5680247941431187
 0.6 0.2952985206082815 0.1476492603041414 0.5570522190875772
 0.7 0.3025133760269075 0.1512566880134537 0.5462299359596388
 0.7999999999999999 0.3096262742234493 0.1548131371117243 0.5355605886648265
 0.8999999999999999 0.316635794854996 0.1583178974274982 0.5250463077175057
 0.9999999999999999 0.3235408054840608 0.161770402742031 0.5146887917739082
 1.1 0.3303404162856967 0.1651702081428512 0.5044893755714521
 1.2 0.33703394276875 0.1685169713843752 0.4944490858468747
 1.3 0.3436208754634423 0.1718104377317216 0.4845686868048361
 1.4 0.3501008555693195 0.1750504277846588 0.4748487166460218
 1.5 0.3564736556254932 0.1782368278127474 0.4652895165617594
 1.6 0.3627391643490883 0.181369582174544 0.4558912534763677
 1.7 0.3688973748789276 0.1844486874394634 0.446653937681609
 1.8 0.3749483757544031 0.187474187877202 0.4375774363683949
 1.9 0.3808923440497881 0.1904461720248944 0.4286614839253176
 2 0.3867295401695081 0.1933647700847531 0.4199056897457388
 2.1 0.3924603038884198 0.19623015194421 0.4113095441673702
 2.2 0.398085051292169 0.1990425256460844 0.4028724230617466
 2.3 0.4036042723357549 0.2018021361678777 0.3945935914963674
 2.4 0.4090185287940208 0.2045092643970101 0.3864722068089691
 2.5 0.4143284524256975 0.2071642262128485 0.378507321361454
 2.6 0.4195347432138951 0.209767371606948 0.3706978851791569
 2.7 0.4246381675807764 0.2123190837903879 0.3630427486288357
 2.8 0.4296395565033707 0.2148197782516851 0.3555406652449442
 2.9 0.4345398034815369 0.2172699017407692 0.348190294777694
 3 0.4393398623289428 0.2196699311644721 0.3409902065065851
 3.1 0.4440407447735002 0.2220203723867505 0.3339388828397494
 3.2 0.4486435178663084 0.2243217589331531 0.3270347232005385
 3.3 0.45314930120765 0.2265746506038248 0.3202760481885252
 3.4 0.457559264005685 0.2287796320028431 0.313661103991472
 3.5 0.4618746219885976 0.2309373109942992 0.3071880670171032
 3.6 0.4660966341942821 0.2330483170971407 0.3008550487085773
 3.7 0.4702265996636449 0.2351132998318221 0.294660100504533
 3.8 0.4742658540644246 0.2371329270322133 0.2886012189033621
 3.9 0.4782157662723505 0.2391078831361759 0.2826763505914736
 4 0.4820777349356766 0.2410388674678388 0.2768833975964846
 4.1 0.4858531850478892 0.2429265925239447 0.2712202224281661
 4.199999999999999 0.4895435645515827 0.244771782275792 0.2656846531726253
 4.299999999999999 0.4931503409946279 0.2465751704973128 0.2602744885080593
 4.399999999999999 0.49667499825755 0.2483374991287743 0.2549875026136756
 4.499999999999999 0.5001190333688909 0.2500595166844459 0.2498214499466633
 4.6 0.5034839534229755 0.2517419767114873 0.2447740698655372
 4.699999999999999 0.5067712726124218 0.2533856363062105 0.2398430910813677
 4.799999999999999 0.5099825093854874 0.2549912546927447 0.2350262359217679
 4.899999999999999 0.5131191837363671 0.2565595918681844 0.2303212243954484
 4.999999999999999 0.5161828146346588 0.2580914073173318 0.2257257780480095
 5.1 0.5191749175983871 0.2595874587991919 0.2212376236024211
 5.199999999999999 0.5220970024134445 0.2610485012067217 0.2168544963798338
 5.299999999999999 0.5249505710007742 0.2624752855003857 0.21257414349884
 5.399999999999999 0.5277371154313515 0.2638685577156766 0.2083943268529719
 5.499999999999999 0.530458116087881 0.2652290580439399 0.2043128258681791
 5.599999999999999 0.5331150399710597 0.2665575199855307 0.2003274400434096
 5.699999999999999 0.535709339147501 0.2678546695737519 0.1964359912787472
 5.799999999999999 0.5382424493355554 0.2691212246677756 0.192636325996669
 5.899999999999999 0.5407157886247511 0.2703578943123747 0.1889263170628742
 5.999999999999999 0.5431307563240712 0.2715653781620355 0.1853038655138934
 6.099999999999999 0.5454887319338266 0.2727443659669123 0.1817669020992611
 6.199999999999999 0.5477910742356698 0.2738955371178358 0.1783133886464944
 6.299999999999999 0.5500391204950786 0.2750195602475383 0.1749413192573831
 6.399999999999999 0.552234185770393 0.276117092885197 0.1716487213444101
 6.499999999999999 0.5543775623225861 0.2771887811612913 0.1684336565161227
 6.599999999999999 0.5564705191198076 0.2782352595599012 0.1652942213202912
 6.699999999999999 0.5585143014308277 0.2792571507154142 0.1622285478537581
 6.799999999999999 0.5605101305015875 0.2802550652507936 0.1592348042476189
 6.899999999999999 0.5624592033091551 0.2812296016545766 0.1563111950362683
 6.999999999999999 0.5643626923875997 0.2821813461938005 0.1534559614185998
 7.099999999999999 0.5662217457203251 0.2831108728601646 0.1506673814195103
 7.199999999999999 0.5680374866937794 0.2840187433468867 0.1479437699593339
 7.299999999999999 0.5698110141074929 0.2849055070537455 0.1452834788387616
 7.399999999999999 0.5715434022357447 0.285771701117871 0.1426848966463843
 7.499999999999999 0.573235700936251 0.2866178504681243 0.1401464485956247
 7.599999999999999 0.5748889358016023 0.2874444679007992 0.1376665962975985
 7.699999999999999 0.5765041083493841 0.2882520541746926 0.1352438374759233
 7.799999999999999 0.5780821962470776 0.2890410981235402 0.1328767056293822
 7.899999999999999 0.5796241535681415 0.2898120767840723 0.1305637696477863
 7.999999999999999 0.5811309110758496 0.2905654555379233 0.1283036333862271
 8.1 0.5826033765317272 0.2913016882658623 0.1260949352024104
 8.199999999999999 0.5840424350255556 0.2920212175127755 0.1239363474616688
 8.299999999999999 0.5854489493242068 0.2927244746621028 0.1218265760136905
 8.399999999999999 0.5868237602367328 0.2934118801183659 0.1197643596449013
 8.499999999999998 0.5881676869932965 0.2940838434966493 0.1177484695100542
 8.6 0.5894815276357311 0.2947407638178634 0.1157777085464055
 8.699999999999999 0.5907660594177415 0.2953830297088686 0.1138509108733899
 8.799999999999999 0.5920220392128001 0.2960110196064062 0.1119669411807938
 8.899999999999999 0.5932502039280997 0.2966251019640506 0.1101246941078498
 8.999999999999998 0.5944512709228791 0.2972256354614323 0.1083230936156886
 9.1 0.595625938429808 0.297812969214902 0.10656109235529
 9.199999999999999 0.5967748859780535 0.2983874429890293 0.1048376710329172
 9.299999999999999 0.5978987748168241 0.2989493874084133 0.1031518377747627
 9.399999999999999 0.5989982483383988 0.2994991241691956 0.1015026274924056
 9.499999999999998 0.600073932499561 0.3000369662497779 0.09988910125066108
 9.6 0.6011264362406847 0.3005632181203434 0.0983103456389719
 9.699999999999999 0.602156351901631 0.3010781759508179 0.0967654721475511
 9.799999999999999 0.6031642556337281 0.3015821278168627 0.09525361654940917
 9.899999999999999 0.6041507078073292 0.3020753539036678 0.09377393828900304
 9.999999999999998 0.6051162534143053 0.3025581267071511 0.0923256198785436
 10.1 0.6060614224650436 0.3030307112325168 0.09090786630243963
 10.2 0.6069867303795321 0.3034933651897571 0.08951990443071078
 10.3 0.6078926783722007 0.3039463391860973 0.08816098244170195
 10.4 0.6087797538301531 0.3043898769150749 0.08683036925477194
 10.5 0.6096484306846043 0.3048242153423006 0.08552735397309508
 10.6 0.6104991697752669 0.3052495848876345 0.0842512453370986
 10.7 0.6113324192075518 0.3056662096037818 0.08300137118866641
 10.8 0.6121486147023764 0.3060743073511899 0.08177707794643374
 10.9 0.6129481799385886 0.3064740899692868 0.08057773009212454
 11 0.6137315268878547 0.3068657634439323 0.079402709668213
 11.1 0.6144990561419366 0.3072495280709709 0.07825141578709255
 11.2 0.6152511572324828 0.3076255786162366 0.07712326415128062
 11.3 0.6159882089431318 0.3079941044715655 0.07601768658530272
 11.4 0.6167105796141454 0.3083552898070746 0.07493413057877996
