# Created by Octave 4.0.3, Thu Jun 29 20:28:28 2017 CEST <timo@timo-Lenovo-ideapad-100-14IBY>
# name: gzv
# type: matrix
# rows: 250
# columns: 4
 0.1 0.2577724720485443 0.1288862360243508 0.6133412919271048
 0.2 0.2654613421957223 0.1327306710978655 0.6018079867064122
 0.3 0.2730619457117771 0.1365309728558954 0.5904070814323275
 0.4 0.2805703951881923 0.1402851975940929 0.5791444072177148
 0.5 0.2879834705712528 0.1439917352856286 0.5680247941431187
 0.6 0.2952985206082815 0.1476492603041414 0.5570522190875772
 0.7 0.3025133760269075 0.1512566880134537 0.5462299359596388
 0.7999999999999999 0.3096262742234493 0.1548131371117243 0.5355605886648265
 0.8999999999999999 0.316635794854996 0.1583178974274982 0.5250463077175057
 0.9999999999999999 0.3235408054840608 0.161770402742031 0.5146887917739082
 1.1 0.3303404162856967 0.1651702081428512 0.5044893755714521
 1.2 0.33703394276875 0.1685169713843752 0.4944490858468747
 1.3 0.3436208754634423 0.1718104377317216 0.4845686868048361
 1.4 0.3501008555693195 0.1750504277846588 0.4748487166460218
 1.5 0.3564736556254932 0.1782368278127474 0.4652895165617594
 1.6 0.3627391643490883 0.181369582174544 0.4558912534763677
 1.7 0.3688973748789276 0.1844486874394634 0.446653937681609
 1.8 0.3749483757544031 0.187474187877202 0.4375774363683949
 1.9 0.3808923440497881 0.1904461720248944 0.4286614839253176
 2 0.3867295401695081 0.1933647700847531 0.4199056897457388
 2.1 0.3924603038884198 0.19623015194421 0.4113095441673702
 2.2 0.398085051292169 0.1990425256460844 0.4028724230617466
 2.3 0.4036042723357549 0.2018021361678777 0.3945935914963674
 2.4 0.4090185287940208 0.2045092643970101 0.3864722068089691
 2.5 0.4143284524256975 0.2071642262128485 0.378507321361454
 2.6 0.4195347432138951 0.209767371606948 0.3706978851791569
 2.7 0.4246381675807764 0.2123190837903879 0.3630427486288357
 2.8 0.4296395565033707 0.2148197782516851 0.3555406652449442
 2.9 0.4345398034815369 0.2172699017407692 0.348190294777694
 3 0.4393398623289428 0.2196699311644721 0.3409902065065851
 3.1 0.4440407447735002 0.2220203723867505 0.3339388828397494
 3.2 0.4486435178663084 0.2243217589331531 0.3270347232005385
 3.3 0.45314930120765 0.2265746506038248 0.3202760481885252
 3.4 0.457559264005685 0.2287796320028431 0.313661103991472
 3.5 0.4618746219885976 0.2309373109942992 0.3071880670171032
 3.6 0.4660966341942821 0.2330483170971407 0.3008550487085773
 3.7 0.4702265996636449 0.2351132998318221 0.294660100504533
 3.8 0.4742658540644246 0.2371329270322133 0.2886012189033621
 3.9 0.4782157662723505 0.2391078831361759 0.2826763505914736
 4 0.4820777349356766 0.2410388674678388 0.2768833975964846
 4.1 0.4858531850478892 0.2429265925239447 0.2712202224281661
 4.199999999999999 0.4895435645515827 0.244771782275792 0.2656846531726253
 4.299999999999999 0.4931503409946279 0.2465751704973128 0.2602744885080593
 4.399999999999999 0.49667499825755 0.2483374991287743 0.2549875026136756
 4.499999999999999 0.5001190333688909 0.2500595166844459 0.2498214499466633
 4.6 0.5034839534229755 0.2517419767114873 0.2447740698655372
 4.699999999999999 0.5067712726124218 0.2533856363062105 0.2398430910813677
 4.799999999999999 0.5099825093854874 0.2549912546927447 0.2350262359217679
 4.899999999999999 0.5131191837363671 0.2565595918681844 0.2303212243954484
 4.999999999999999 0.5161828146346588 0.2580914073173318 0.2257257780480095
 5.1 0.5191749175983871 0.2595874587991919 0.2212376236024211
 5.199999999999999 0.5220970024134445 0.2610485012067217 0.2168544963798338
 5.299999999999999 0.5249505710007742 0.2624752855003857 0.21257414349884
 5.399999999999999 0.5277371154313515 0.2638685577156766 0.2083943268529719
 5.499999999999999 0.530458116087881 0.2652290580439399 0.2043128258681791
 5.599999999999999 0.5331150399710597 0.2665575199855307 0.2003274400434096
 5.699999999999999 0.535709339147501 0.2678546695737519 0.1964359912787472
 5.799999999999999 0.5382424493355554 0.2691212246677756 0.192636325996669
 5.899999999999999 0.5407157886247511 0.2703578943123747 0.1889263170628742
 5.999999999999999 0.5431307563240712 0.2715653781620355 0.1853038655138934
 6.099999999999999 0.5454887319338266 0.2727443659669123 0.1817669020992611
 6.199999999999999 0.5477910742356698 0.2738955371178358 0.1783133886464944
 6.299999999999999 0.5500391204950786 0.2750195602475383 0.1749413192573831
 6.399999999999999 0.552234185770393 0.276117092885197 0.1716487213444101
 6.499999999999999 0.5543775623225861 0.2771887811612913 0.1684336565161227
 6.599999999999999 0.5564705191198076 0.2782352595599012 0.1652942213202912
 6.699999999999999 0.5585143014308277 0.2792571507154142 0.1622285478537581
 6.799999999999999 0.5605101305015875 0.2802550652507936 0.1592348042476189
 6.899999999999999 0.5624592033091551 0.2812296016545766 0.1563111950362683
 6.999999999999999 0.5643626923875997 0.2821813461938005 0.1534559614185998
 7.099999999999999 0.5662217457203251 0.2831108728601646 0.1506673814195103
 7.199999999999999 0.5680374866937794 0.2840187433468867 0.1479437699593339
 7.299999999999999 0.5698110141074929 0.2849055070537455 0.1452834788387616
 7.399999999999999 0.5715434022357447 0.285771701117871 0.1426848966463843
 7.499999999999999 0.573235700936251 0.2866178504681243 0.1401464485956247
 7.599999999999999 0.5748889358016023 0.2874444679007992 0.1376665962975985
 7.699999999999999 0.5765041083493841 0.2882520541746926 0.1352438374759233
 7.799999999999999 0.5780821962470776 0.2890410981235402 0.1328767056293822
 7.899999999999999 0.5796241535681415 0.2898120767840723 0.1305637696477863
 7.999999999999999 0.5811309110758496 0.2905654555379233 0.1283036333862271
 8.1 0.5826033765317272 0.2913016882658623 0.1260949352024104
 8.199999999999999 0.5840424350255556 0.2920212175127755 0.1239363474616688
 8.299999999999999 0.5854489493242068 0.2927244746621028 0.1218265760136905
 8.399999999999999 0.5868237602367328 0.2934118801183659 0.1197643596449013
 8.499999999999998 0.5881676869932965 0.2940838434966493 0.1177484695100542
 8.6 0.5894815276357311 0.2947407638178634 0.1157777085464055
 8.699999999999999 0.5907660594177415 0.2953830297088686 0.1138509108733899
 8.799999999999999 0.5920220392128001 0.2960110196064062 0.1119669411807938
 8.899999999999999 0.5932502039280997 0.2966251019640506 0.1101246941078498
 8.999999999999998 0.5944512709228791 0.2972256354614323 0.1083230936156886
 9.1 0.595625938429808 0.297812969214902 0.10656109235529
 9.199999999999999 0.5967748859780535 0.2983874429890293 0.1048376710329172
 9.299999999999999 0.5978987748168241 0.2989493874084133 0.1031518377747627
 9.399999999999999 0.5989982483383988 0.2994991241691956 0.1015026274924056
 9.499999999999998 0.600073932499561 0.3000369662497779 0.09988910125066108
 9.6 0.6011264362406847 0.3005632181203434 0.0983103456389719
 9.699999999999999 0.602156351901631 0.3010781759508179 0.0967654721475511
 9.799999999999999 0.6031642556337281 0.3015821278168627 0.09525361654940917
 9.899999999999999 0.6041507078073292 0.3020753539036678 0.09377393828900304
 9.999999999999998 0.6051162534143053 0.3025581267071511 0.0923256198785436
 10.1 0.6060614224650436 0.3030307112325168 0.09090786630243963
 10.2 0.6069867303795321 0.3034933651897571 0.08951990443071078
 10.3 0.6078926783722007 0.3039463391860973 0.08816098244170195
 10.4 0.6087797538301531 0.3043898769150749 0.08683036925477194
 10.5 0.6096484306846043 0.3048242153423006 0.08552735397309508
 10.6 0.6104991697752669 0.3052495848876345 0.0842512453370986
 10.7 0.6113324192075518 0.3056662096037818 0.08300137118866641
 10.8 0.6121486147023764 0.3060743073511899 0.08177707794643374
 10.9 0.6129481799385886 0.3064740899692868 0.08057773009212454
 11 0.6137315268878547 0.3068657634439323 0.079402709668213
 11.1 0.6144990561419366 0.3072495280709709 0.07825141578709255
 11.2 0.6152511572324828 0.3076255786162366 0.07712326415128062
 11.3 0.6159882089431318 0.3079941044715655 0.07601768658530272
 11.4 0.6167105796141454 0.3083552898070746 0.07493413057877996
 11.5 0.6174186274394576 0.3087093137197325 0.07387205884080983
 11.6 0.6181127007562885 0.3090563503781389 0.07283094886557251
 11.7 0.6187931383273271 0.309396569163662 0.07181029250901089
 11.8 0.6194602696156505 0.3097301348078304 0.07080959557651911
 11.9 0.6201144150523202 0.3100572075261548 0.06982837742152492
 12 0.6207558862969498 0.3103779431484595 0.06886617055459071
 12.1 0.6213849864911617 0.3106924932455737 0.06792252026326462
 12.2 0.6220020105052089 0.3110010052525898 0.0669969842422013
 12.3 0.6226072451777506 0.3113036225888678 0.06608913223338159
 12.4 0.6232009695489871 0.3116004847744884 0.0651985456765245
 12.5 0.6237834550872731 0.311891727543642 0.06432481736908496
 12.6 0.6243549659093264 0.3121774829546718 0.06346755113600183
 12.7 0.6249157589941514 0.3124578794970675 0.06262636150878109
 12.8 0.6254660843908547 0.3127330421954105 0.0618008734137348
 12.9 0.6260061854204583 0.3130030927102379 0.06099072186930388
 13 0.626536298871905 0.3132681494359519 0.06019555169214313
 13.1 0.6270566551922825 0.3135283275961488 0.05941501721156867
 13.2 0.6275674786715175 0.3137837393357549 0.05864878199272761
 13.3 0.6280689876216577 0.3140344938108249 0.05789651856751732
 13.4 0.6285613945508101 0.3142806972754091 0.0571579081737808
 13.5 0.6290449063319744 0.314522453165982 0.05643264050204361
 13.6 0.6295197243668162 0.3147598621834207 0.05572041344976303
 13.7 0.6299860447445712 0.3149930223722914 0.05502093288313736
 13.8 0.630444058396205 0.3152220291981023 0.05433391240569274
 13.9 0.6308939512439261 0.3154469756219564 0.05365907313411744
 14 0.6313359043462264 0.3156679521731271 0.05299614348064646
 14.1 0.6317700940385593 0.3158850470192848 0.0523448589421559
 14.2 0.6321966920697344 0.3160983460348736 0.05170496189539203
 14.3 0.6326158657342367 0.3163079328671327 0.05107620139863062
 14.4 0.6330277780005008 0.3165138890002401 0.05045833299925906
 14.5 0.6334325876353569 0.316716293817678 0.04985111854696511
 14.6 0.6338304493246418 0.3169152246623209 0.04925432601303725
 14.7 0.634221513790155 0.3171107568950914 0.0486677293147536
 14.8 0.6346059279031733 0.3173029639515881 0.04809110814523859
 14.9 0.6349838347942799 0.3174919173971371 0.04752424780858305
 15 0.6353553739601545 0.3176776869800791 0.04696693905976634
 15.1 0.6357206813668713 0.3178603406834249 0.04641897794970379
 15.2 0.6360798895502007 0.3180399447750866 0.04588016567471276
 15.3 0.6364331277127808 0.3182165638563791 0.04535030843084004
 15.4 0.6367805218184092 0.318390260909215 0.04482921727237582
 15.5 0.6371221946834094 0.3185610973417065 0.04431670797488418
 15.6 0.6374582660652409 0.3187291330326385 0.04381260090212058
 15.7 0.63778885274846 0.3188944263742157 0.0433167208773243
 15.8 0.6381140686279952 0.3190570343139955 0.0428288970580093
 15.9 0.638434024789975 0.3192170123949938 0.0423489628150312
 16 0.6387488295900864 0.3193744147950376 0.04187675561487603
 16.1 0.6390585887295266 0.3195292943647567 0.04141211690571667
 16.2 0.6393634053287257 0.3196817026643544 0.04095489200691987
 16.3 0.6396633799987673 0.319831689999386 0.04050493000184663
 16.4 0.6399586109107318 0.3199793054553676 0.04006208363390062
 16.5 0.6402491938628884 0.3201245969314622 0.03962620920564947
 16.6 0.6405352223459425 0.3202676111729632 0.03919716648109428
 16.7 0.6408167876062142 0.3204083938031017 0.0387748185906841
 16.8 0.641093978707023 0.3205469893535078 0.03835903193946916
 16.9 0.6413668825882166 0.3206834412940948 0.03794967611768862
 17 0.6416355841238658 0.3208177920619283 0.03754662381420587
 17.1 0.6419001661782775 0.3209500830891634 0.03714975073255911
 17.2 0.6421607096603754 0.3210803548301745 0.03675893550945009
 17.3 0.6424172935763611 0.3212086467881873 0.03637405963545154
 17.4 0.6426699950809389 0.3213349975404851 0.03599500737857603
 17.5 0.6429188895269224 0.3214594447634562 0.03562166570962133
 17.6 0.6431640505134398 0.3215820252567195 0.03525392422984064
 17.7 0.6434055499326378 0.3217027749663096 0.03489167510105262
 17.8 0.6436434580151004 0.3218217290075426 0.034534812977357
 17.9 0.6438778433739215 0.3219389216869873 0.03418323493909114
 18 0.6441087730473856 0.3220543865236988 0.0338368404289156
 18.1 0.6443363125405265 0.3221681562702524 0.03349553118922111
 18.2 0.6445605258653803 0.3222802629326826 0.03315921120193716
 18.3 0.6447814755801451 0.3223907377900623 0.03282778662979258
 18.4 0.6449992228270899 0.3224996114135801 0.03250116575932999
 18.5 0.6452138273694968 0.3226069136847474 0.03217925894575574
 18.6 0.6454253476274339 0.3227126738136883 0.03186197855887785
 18.7 0.6456338407125414 0.3228169203562551 0.03154923893120348
 18.8 0.645839362461782 0.3229196812308805 0.03124095630733753
 18.9 0.6460419674702967 0.3230209837351562 0.03093704879454706
 19 0.646241709123193 0.3231208545616069 0.03063743631520011
 19.1 0.6464386396265429 0.3232193198132871 0.03034204056016998
 19.2 0.6466328100374206 0.3233164050187363 0.03005078494384317
 19.3 0.6468242702931457 0.3234121351465347 0.02976359456031957
 19.4 0.647013069239626 0.3235065346198037 0.0294803961405703
 19.5 0.6471992546589519 0.323599627329482 0.02920111801156611
 19.6 0.6473828732961867 0.3236914366480738 0.02892569005573947
 19.7 0.6475639708854315 0.3237819854427486 0.0286540436718199
 19.8 0.6477425921751035 0.3238712960875685 0.02838611173732797
 19.9 0.6479187809525191 0.323959390476285 0.02812182857119594
 20 0.6480925800678778 0.3240462900339652 0.02786112989815698
 20.1 0.6482640314574316 0.3241320157287415 0.02760395281382688
 20.2 0.6484331761661164 0.3242165880830888 0.02735023575079476
 20.3 0.648600054369503 0.3243000271847651 0.0270999184457319
 20.4 0.6487647053952109 0.3243823526976303 0.02685294190715876
 20.5 0.6489271677436087 0.3244635838717785 0.02660924838461276
 20.6 0.6490874791080559 0.3245437395540394 0.02636878133790471
 20.7 0.6492456763945699 0.3246228381973151 0.026131485408115
 20.8 0.649401795740832 0.3247008978703893 0.02589730638877868
 20.9 0.6495558725349311 0.3247779362674477 0.02566619119762126
 21 0.6497079414333 0.3248539707166643 0.02543808785003565
 21.1 0.6498580363783832 0.3249290181892248 0.025212945432392
 21.2 0.6500061906157258 0.3250030953078407 0.0249907140764335
 21.3 0.6501524367106013 0.3250762183552873 0.02477134493411143
 21.4 0.6502968065643027 0.3251484032821638 0.02455479015353351
 21.5 0.6504393314297578 0.3252196657148797 0.02434100285536245
 21.6 0.6505800419269986 0.3252900209635143 0.02412993710948708
 21.7 0.6507189680580453 0.3253594840290526 0.02392154791290213
 21.8 0.6508561392214628 0.3254280696107356 0.02371579116780165
 21.9 0.6509915842264588 0.3254957921132343 0.02351262366030693
 22 0.6511253313067242 0.3255626656533926 0.02331200303988312
 22.1 0.6512574081338143 0.3256287040669288 0.02311388779925688
 22.2 0.6513878418301964 0.325693920915135 0.02291823725466857
 22.3 0.6515166589819438 0.3257583294909569 0.02272501152709933
 22.4 0.6516438856512176 0.3258219428256194 0.02253417152316306
 22.5 0.6517695473881644 0.3258847736941107 0.02234567891772488
 22.6 0.6518936692428174 0.3259468346214547 0.02215949613572782
 22.7 0.6520162757764204 0.3260081378881939 0.02197558633538566
 22.8 0.6521373910726307 0.3260686955363138 0.02179391339105546
 22.9 0.6522570387483535 0.3261285193741699 0.02161444187747663
 23 0.6523752419643134 0.3261876209821331 0.02143713705355349
 23.1 0.6524920234353396 0.3262460117177042 0.02126196484695614
 23.2 0.6526074054404511 0.3263037027202452 0.02108889183930363
 23.3 0.6527214098326228 0.3263607049162994 0.02091788525107779
 23.4 0.6528340580482697 0.3264170290241272 0.02074891292760317
 23.5 0.6529453711166072 0.3264726855582655 0.02058194332512725
 23.6 0.6530553696686587 0.3265276848343054 0.02041694549703588
 23.7 0.6531640739460984 0.3265820369730671 0.02025388908083448
 23.8 0.6532715038098745 0.3266357519049419 0.02009274428518354
 23.9 0.6533776787485547 0.3266888393742591 0.01993348187718624
 24 0.6534826178865657 0.3267413089433011 0.01977607317013319
 24.1 0.6535863399920735 0.3267931699960558 0.01962049001187072
 24.2 0.6536888634848466 0.3268444317424176 0.01946670477273588
 24.3 0.6537902064438538 0.3268951032219544 0.01931469033419181
 24.4 0.6538903866145206 0.3269451933072605 0.01916442007821889
 24.5 0.6539894214160977 0.32699471070805 0.01901586787585224
 24.6 0.6540873279486314 0.3270436639743536 0.01886900807701497
 24.7 0.6541841229997777 0.3270920614999169 0.01872381550030539
 24.8 0.6542798230515821 0.3271399115257893 0.01858026542262869
 24.9 0.6543744442869631 0.3271872221434851 0.01843833356955177
 25 0.6544680025961125 0.3272340012980682 0.01829799610581934


