# Created by Octave 4.0.3, Sun Aug 13 02:39:07 2017 CEST <timo@timo-Lenovo-ideapad-100-14IBY>
# name: v0
# type: matrix
# rows: 36
# columns: 1
 -0.02054420991350444
 -0.08895763568348931
 7.77984782825147e-19
 -1.416359141126018e-19
 0.08895763568348931
 0.269520618662989
 -0.08895763568348924
 7.191796166427737e-17
 0.08895763568348981
 0.08895763568348976
 0.5390412373259816
 0.08895763568348922
 7.410213327070672e-19
 0.08895763568348974
 0.02054420991350465
 0.2695206186629928
 0.08895763568348981
 -1.490946023547199e-17
 1.012261282912803e-18
 0.08895763568348973
 0.269520618662993
 0.02054420991350465
 0.08895763568348981
 -1.517397430682085e-17
 0.08895763568348931
 0.5390412373259816
 0.08895763568348987
 0.08895763568348983
 4.049848721537516e-16
 -0.08895763568348934
 0.2695206186629893
 0.08895763568348919
 6.798771792414931e-17
 2.248066844758568e-17
 -0.08895763568348923
 -0.02054420991350452


