# Created by Octave 4.0.3, Wed Aug 02 23:06:53 2017 CEST <timo@timo-Lenovo-ideapad-100-14IBY>
# name: eigU
# type: matrix
# rows: 20
# columns: 7
 1 -3.340847617248346 -3.292951380696178 -2.863876339069603 -2.785260864829656 -1.56155281280883 -1.561552812808827
 2 -2.828427124746194 -2.685846165554337 -1.999999999999996 -1.62721300529666 -1.236067977499789 -1.236067977499788
 3 -2.424428900898056 -2.191482503428726 -1.42442890089805 -1.000000000000002 -1.000000000000001 -0.5089560820989587
 4 -2.102748483462071 -1.80642385182311 -1.068140393445459 -0.8284271247461907 -0.828427124746187 -1.320829296630785e-16
 5 -1.844288770224764 -1.51360250437893 -0.8442887702247619 -0.7015621187164278 -0.7015621187164236 -7.502720634451401e-16
 6 -1.634603054907387 -1.291502622129182 -0.6956043512543976 -0.6055512754639928 -0.6055512754639888 -1.186500262645351e-15
 7 -1.462698992338867 -1.121078220293853 -0.5909691656856219 -0.5311288741492813 -0.5311288741492719 1.160597466054509e-16
 8 -1.32023495827192 -0.9879184148698696 -0.5136762553783059 -0.4721359549995874 -0.4721359549995823 -4.471232563628211e-15
 9 -1.200892411814283 -0.8818106518440556 -0.4543347554617307 -0.4244289008980575 -0.4244289008980514 5.371525355233358e-16
 10 -1.099877772749749 -0.7956544868725302 -0.4073595056451704 -0.3851648071345098 -0.3851648071345064 -4.11208699880016e-15
 11 -1.013536951029849 -0.7244956972195669 -0.3692490064520847 -0.3523499553598218 -0.3523499553598113 -3.230232343082132e-15
 12 -0.9390645949297776 -0.6648295755245388 -0.3377053995619838 -0.3245553203367711 -0.3245553203367475 -2.892275104490124e-15
 13 -0.874288446890056 -0.6141323664524069 -0.3111610158115033 -0.3007352543677229 -0.3007352543677201 5.067599988626147e-15
 14 -0.8175107396571711 -0.5705523760560356 -0.2885105696963933 -0.2801098892805352 -0.2801098892805211 2.06788217642411e-16
 15 -0.7673917830577422 -0.532706026955593 -0.2689526419521452 -0.2620873481300167 -0.2620873481300128 6.98721352044902e-16
 16 -0.722864322360816 -0.4995416790582967 -0.2518920110202245 -0.2462112512353252 -0.2462112512353223 -1.191202473297046e-14
 17 -0.6830702119350975 -0.4702472814837703 -0.2368773211384193 -0.2321245982864966 -0.2321245982864877 -3.540165087517427e-16
 18 -0.6473132676955637 -0.4441866761380089 -0.2235600559259565 -0.2195444572929074 -0.2195444572929061 -2.688750504769144e-16
 19 -0.6150238877048869 -0.4208549052579527 -0.2116667922997321 -0.2082439194738078 -0.208243919473802 1.531247231697469e-15
 20 -0.5857322798479042 -0.3998463288202918 -0.2009799804498641 -0.1980390271855705 -0.1980390271855698 -3.097232561602211e-15


